Runs: 50
Size : 50
50 1345 0.538
50 1580 0.632
50 1520 0.608
50 1507 0.6028
50 1582 0.6328
50 1403 0.5612
50 1466 0.5864
50 1442 0.5768
50 1379 0.5516
50 1474 0.5896
50 1432 0.5728
50 1411 0.5644
50 1566 0.6264
50 1422 0.5688
50 1389 0.5556
50 1444 0.5776
50 1519 0.6076
50 1636 0.6544
50 1586 0.6344
50 1406 0.5624
50 1438 0.5752
50 1501 0.6004
50 1538 0.6152
50 1554 0.6216
50 1510 0.604
50 1469 0.5876
50 1496 0.5984
50 1486 0.5944
50 1535 0.614
50 1490 0.596
50 1517 0.6068
50 1451 0.5804
50 1482 0.5928
50 1433 0.5732
50 1418 0.5672
50 1516 0.6064
50 1441 0.5764
50 1518 0.6072
50 1384 0.5536
50 1497 0.5988
50 1489 0.5956
50 1473 0.5892
50 1579 0.6316
50 1528 0.6112
50 1444 0.5776
50 1506 0.6024
50 1433 0.5732
50 1550 0.62
50 1542 0.6168
50 1485 0.594

Size : 55
55 1622 0.5361983
55 1960 0.6479339
55 1805 0.59669423
55 1820 0.6016529
55 1850 0.61157024
55 1854 0.61289257
55 1896 0.6267769
55 1885 0.6231405
55 1815 0.6
55 1841 0.608595
55 1792 0.5923967
55 1983 0.6555372
55 1750 0.5785124
55 1666 0.5507438
55 1851 0.6119008
55 1756 0.5804959
55 1799 0.59471077
55 1793 0.59272724
55 1720 0.56859505
55 2017 0.66677684
55 1908 0.6307438
55 1836 0.6069422
55 1815 0.6
55 1737 0.5742149
55 1819 0.6013223
55 1781 0.5887603
55 1727 0.5709091
55 1758 0.581157
55 1881 0.6218182
55 1771 0.5854545
55 1687 0.557686
55 1726 0.5705785
55 1802 0.59570247
55 1853 0.612562
55 1756 0.5804959
55 1662 0.5494215
55 1833 0.6059504
55 1779 0.5880992
55 1692 0.55933887
55 1840 0.60826445
55 1783 0.5894215
55 1700 0.56198347
55 1729 0.5715703
55 1784 0.5897521
55 1800 0.59504133
55 1811 0.5986777
55 1785 0.59008265
55 1827 0.60396695
55 1723 0.56958675
55 1846 0.6102479

Size : 60
60 2172 0.60333335
60 2026 0.56277776
60 2145 0.59583336
60 2096 0.5822222
60 2137 0.5936111
60 2182 0.6061111
60 2257 0.6269444
60 2133 0.5925
60 2073 0.5758333
60 2122 0.58944446
60 2138 0.5938889
60 2099 0.58305556
60 2006 0.55722225
60 2194 0.60944444
60 2019 0.56083333
60 2102 0.5838889
60 2162 0.60055554
60 2067 0.57416666
60 2094 0.58166665
60 2138 0.5938889
60 2136 0.5933333
60 2163 0.60083336
60 2295 0.6375
60 2098 0.5827778
60 2127 0.5908333
60 2239 0.6219444
60 2025 0.5625
60 2268 0.63
60 2098 0.5827778
60 2128 0.5911111
60 2100 0.5833333
60 2230 0.61944443
60 2075 0.5763889
60 2231 0.61972225
60 2157 0.5991667
60 2133 0.5925
60 2190 0.60833335
60 1941 0.5391667
60 2034 0.565
60 2199 0.61083335
60 2212 0.61444443
60 2067 0.57416666
60 2090 0.58055556
60 2105 0.5847222
60 2088 0.58
60 2187 0.6075
60 2004 0.5566667
60 2056 0.5711111
60 2182 0.6061111
60 2215 0.61527777

Size : 65
65 2458 0.5817751
65 2544 0.6021302
65 2499 0.5914793
65 2351 0.5564497
65 2569 0.60804737
65 2527 0.5981065
65 2593 0.6137278
65 2446 0.5789349
65 2566 0.6073373
65 2586 0.612071
65 2541 0.6014201
65 2503 0.59242606
65 2499 0.5914793
65 2532 0.59928995
65 2399 0.56781065
65 2413 0.57112426
65 2475 0.5857988
65 2482 0.58745563
65 2499 0.5914793
65 2480 0.58698225
65 2556 0.6049704
65 2642 0.62532544
65 2614 0.61869824
65 2522 0.59692305
65 2468 0.584142
65 2416 0.5718343
65 2537 0.60047334
65 2388 0.5652071
65 2644 0.6257988
65 2446 0.5789349
65 2556 0.6049704
65 2500 0.591716
65 2566 0.6073373
65 2635 0.6236686
65 2526 0.5978698
65 2633 0.6231953
65 2613 0.61846155
65 2501 0.5919527
65 2532 0.59928995
65 2530 0.5988166
65 2554 0.604497
65 2496 0.59076923
65 2513 0.5947929
65 2479 0.58674556
65 2599 0.61514795
65 2331 0.55171597
65 2414 0.57136095
65 2523 0.59715974
65 2562 0.60639054
65 2478 0.58650887

Size : 70
70 3000 0.6122449
70 2852 0.5820408
70 2999 0.6120408
70 2985 0.60918367
70 2806 0.57265306
70 2843 0.58020407
70 2965 0.60510206
70 2994 0.6110204
70 2950 0.6020408
70 2927 0.59734696
70 2890 0.58979595
70 3126 0.6379592
70 2991 0.6104082
70 2749 0.56102043
70 2942 0.60040814
70 2816 0.57469386
70 3007 0.61367345
70 3098 0.6322449
70 3024 0.61714286
70 2859 0.5834694
70 2858 0.5832653
70 3010 0.6142857
70 2870 0.5857143
70 2890 0.58979595
70 2901 0.59204084
70 2914 0.5946939
70 3063 0.62510204
70 2664 0.54367346
70 3072 0.62693876
70 3020 0.6163265
70 2890 0.58979595
70 2984 0.6089796
70 2920 0.59591836
70 2755 0.5622449
70 2855 0.58265305
70 2829 0.5773469
70 2909 0.59367347
70 2912 0.5942857
70 2820 0.5755102
70 2904 0.59265304
70 2845 0.58061224
70 2779 0.56714284
70 2888 0.5893878
70 2559 0.5222449
70 2901 0.59204084
70 2867 0.585102
70 2824 0.57632655
70 3000 0.6122449
70 2837 0.5789796
70 2909 0.59367347

Size : 75
75 3607 0.6412445
75 3201 0.56906664
75 3092 0.5496889
75 3239 0.57582223
75 3303 0.5872
75 3227 0.57368886
75 3326 0.59128886
75 3375 0.6
75 3272 0.5816889
75 3299 0.5864889
75 3230 0.5742222
75 3319 0.59004444
75 3311 0.5886222
75 3278 0.58275557
75 3272 0.5816889
75 3531 0.62773335
75 3119 0.5544889
75 3308 0.58808887
75 3397 0.6039111
75 3372 0.5994667
75 3361 0.5975111
75 3417 0.60746664
75 3164 0.5624889
75 3317 0.5896889
75 3312 0.5888
75 3310 0.5884445
75 3463 0.61564445
75 3343 0.5943111
75 3515 0.6248889
75 3121 0.55484444
75 3275 0.5822222
75 3297 0.58613336
75 3119 0.5544889
75 3521 0.6259556
75 3368 0.59875554
75 3271 0.58151114
75 3438 0.6112
75 3374 0.5998222
75 3288 0.58453333
75 3169 0.5633778
75 3155 0.5608889
75 3091 0.54951113
75 3178 0.56497777
75 3374 0.5998222
75 3272 0.5816889
75 3307 0.5879111
75 3048 0.54186666
75 3401 0.60462224
75 3197 0.56835556
75 3413 0.60675555

Size : 80
80 3917 0.6120312
80 3781 0.5907813
80 3913 0.61140627
80 3809 0.59515625
80 3779 0.59046876
80 3853 0.60203123
80 4016 0.6275
80 3751 0.5860937
80 3869 0.6045312
80 3913 0.61140627
80 4065 0.6351563
80 3808 0.595
80 3613 0.56453127
80 3945 0.61640626
80 3860 0.603125
80 3787 0.59171873
80 3855 0.60234374
80 3927 0.61359376
80 3871 0.60484374
80 3733 0.5832813
80 3836 0.599375
80 3774 0.5896875
80 3822 0.5971875
80 3524 0.550625
80 3841 0.60015625
80 3866 0.6040625
80 3841 0.60015625
80 3921 0.61265624
80 3590 0.5609375
80 3779 0.59046876
80 3649 0.5701563
80 3757 0.58703125
80 3790 0.5921875
80 3758 0.5871875
80 3602 0.5628125
80 3952 0.6175
80 3946 0.6165625
80 3824 0.5975
80 3878 0.6059375
80 3759 0.58734375
80 3602 0.5628125
80 3631 0.5673438
80 3928 0.61375
80 3660 0.571875
80 3757 0.58703125
80 3919 0.6123437
80 3611 0.56421876
80 3910 0.6109375
80 3856 0.6025
80 3876 0.605625

Size : 85
85 4331 0.59944636
85 4221 0.5842215
85 4352 0.6023529
85 4417 0.61134946
85 4358 0.6031834
85 4254 0.5887889
85 4135 0.5723183
85 4308 0.596263
85 4095 0.566782
85 4468 0.6184083
85 4403 0.6094118
85 4292 0.59404844
85 4294 0.59432524
85 4468 0.6184083
85 4316 0.59737027
85 4583 0.63432527
85 4126 0.57107264
85 4313 0.596955
85 4241 0.58698964
85 4396 0.6084429
85 4205 0.58200693
85 4053 0.5609689
85 4286 0.59321797
85 4240 0.58685124
85 4445 0.6152249
85 4277 0.5919723
85 4123 0.57065743
85 4329 0.59916955
85 4163 0.57619375
85 4258 0.58934253
85 4177 0.5781315
85 4325 0.59861594
85 4169 0.5770242
85 4292 0.59404844
85 4369 0.60470587
85 4359 0.6033218
85 4240 0.58685124
85 4395 0.6083045
85 4257 0.58920413
85 4184 0.5791004
85 4077 0.56429064
85 4622 0.6397232
85 4300 0.5951557
85 4247 0.58782005
85 4193 0.58034605
85 4396 0.6084429
85 4112 0.56913495
85 4160 0.57577854
85 4240 0.58685124
85 4263 0.5900346

Size : 90
90 4907 0.6058025
90 4836 0.597037
90 4617 0.57
90 4928 0.60839504
90 4668 0.57629627
90 4735 0.5845679
90 4764 0.5881482
90 4953 0.6114815
90 4966 0.6130864
90 4625 0.57098764
90 4704 0.58074075
90 4699 0.5801235
90 4809 0.5937037
90 4844 0.59802467
90 5061 0.6248148
90 4745 0.5858025
90 4746 0.58592594
90 4588 0.5664198
90 5164 0.63753086
90 4744 0.585679
90 4768 0.588642
90 4902 0.6051852
90 4792 0.59160495
90 5102 0.62987655
90 4705 0.5808642
90 5032 0.6212346
90 4672 0.5767901
90 5049 0.62333333
90 4699 0.5801235
90 4547 0.56135803
90 4747 0.5860494
90 4834 0.59679013
90 4822 0.59530866
90 4916 0.60691357
90 4920 0.6074074
90 4518 0.55777776
90 4723 0.58308643
90 4844 0.59802467
90 4873 0.60160494
90 4983 0.6151852
90 5027 0.6206173
90 4550 0.5617284
90 4898 0.6046914
90 4853 0.5991358
90 4622 0.57061726
90 4802 0.5928395
90 4973 0.6139506
90 4782 0.59037036
90 4926 0.60814816
90 4791 0.5914815

Size : 95
95 5458 0.6047645
95 5190 0.57506925
95 5349 0.59268695
95 5295 0.5867036
95 5334 0.59102494
95 5227 0.579169
95 5625 0.6232687
95 5299 0.5871468
95 5051 0.5596676
95 5369 0.59490305
95 5209 0.57717454
95 5312 0.5885873
95 5290 0.5861496
95 5271 0.58404434
95 5389 0.5971191
95 5438 0.6025485
95 5270 0.58393353
95 5176 0.573518
95 5437 0.6024377
95 5362 0.5941274
95 5399 0.59822714
95 5380 0.5961219
95 5205 0.5767313
95 5348 0.5925762
95 5330 0.5905817
95 5547 0.61462605
95 5339 0.59157896
95 5301 0.5873684
95 5368 0.59479225
95 5194 0.57551247
95 5380 0.5961219
95 5459 0.6048753
95 5454 0.6043213
95 5465 0.60554016
95 5219 0.57828254
95 5332 0.5908033
95 5274 0.58437675
95 5336 0.59124655
95 5406 0.5990028
95 5361 0.5940166
95 5497 0.60908586
95 5303 0.58759004
95 5250 0.58171743
95 5364 0.594349
95 5416 0.6001108
95 5273 0.58426595
95 5264 0.5832687
95 5265 0.5833795
95 5193 0.57540166
95 5318 0.58925205

Size : 100
100 5837 0.5837
100 6187 0.6187
100 5801 0.5801
100 6129 0.6129
100 6030 0.603
100 5761 0.5761
100 5693 0.5693
100 5821 0.5821
100 5947 0.5947
100 6077 0.6077
100 5730 0.573
100 5833 0.5833
100 6052 0.6052
100 6091 0.6091
100 6127 0.6127
100 5995 0.5995
100 5868 0.5868
100 6153 0.6153
100 5576 0.5576
100 5769 0.5769
100 6237 0.6237
100 5833 0.5833
100 6091 0.6091
100 6044 0.6044
100 6165 0.6165
100 5707 0.5707
100 6041 0.6041
100 5883 0.5883
100 5734 0.5734
100 5846 0.5846
100 6039 0.6039
100 5777 0.5777
100 6044 0.6044
100 5847 0.5847
100 5795 0.5795
100 6048 0.6048
100 5473 0.5473
100 6154 0.6154
100 5957 0.5957
100 6142 0.6142
100 5978 0.5978
100 5667 0.5667
100 6241 0.6241
100 5852 0.5852
100 6009 0.6009
100 5976 0.5976
100 6050 0.605
100 6151 0.6151
100 6139 0.6139
100 6059 0.6059

Size : 105
105 6420 0.58231294
105 6582 0.5970068
105 6248 0.566712
105 6269 0.5686168
105 6487 0.58839005
105 6364 0.57723355
105 6426 0.58285713
105 6442 0.5843084
105 6628 0.6011791
105 6286 0.5701587
105 6465 0.58639455
105 6316 0.5728798
105 6658 0.60390025
105 6440 0.584127
105 6401 0.5805896
105 6502 0.5897506
105 6749 0.6121542
105 6461 0.58603173
105 6772 0.61424035
105 6849 0.62122446
105 6492 0.5888435
105 6564 0.59537417
105 6392 0.57977325
105 6361 0.57696146
105 6334 0.5745125
105 6665 0.60453516
105 6618 0.6002721
105 6689 0.60671204
105 6629 0.60126984
105 6684 0.6062585
105 6549 0.59401363
105 6698 0.6075283
105 6551 0.594195
105 6561 0.595102
105 6087 0.5521088
105 6554 0.5944671
105 6652 0.603356
105 6456 0.5855782
105 6561 0.595102
105 6535 0.59274375
105 6448 0.58485264
105 6707 0.6083447
105 6438 0.5839456
105 6660 0.60408163
105 6481 0.5878458
105 6225 0.56462586
105 6424 0.58267576
105 6571 0.5960091
105 6520 0.5913832
105 6363 0.57714283

Size : 110
110 7434 0.6143802
110 7075 0.5847107
110 7310 0.60413224
110 7364 0.608595
110 7296 0.6029752
110 7066 0.583967
110 7192 0.59438014
110 7128 0.5890909
110 7011 0.57942146
110 7095 0.5863636
110 7113 0.5878512
110 7532 0.6224793
110 7170 0.59256196
110 7017 0.5799174
110 7612 0.6290909
110 7307 0.6038843
110 6930 0.57272726
110 7132 0.5894215
110 7381 0.61
110 7193 0.5944628
110 7129 0.58917356
110 7214 0.5961983
110 6993 0.5779339
110 7463 0.6167769
110 7002 0.5786777
110 7174 0.5928926
110 7237 0.5980992
110 6951 0.57446283
110 7185 0.5938017
110 7451 0.6157851
110 6940 0.57355374
110 6898 0.57008266
110 7160 0.59173554
110 7401 0.6116529
110 7221 0.59677684
110 7233 0.5977686
110 7155 0.5913223
110 7148 0.5907438
110 7171 0.59264463
110 6971 0.5761157
110 7553 0.6242149
110 7243 0.598595
110 7262 0.6001653
110 7133 0.5895041
110 6970 0.57603306
110 7068 0.58413225
110 7259 0.59991735
110 7104 0.5871074
110 7127 0.5890083
110 7342 0.60677683

Size : 115
115 7724 0.58404535
115 8044 0.608242
115 7919 0.59879017
115 8027 0.60695654
115 8049 0.60862005
115 7718 0.5835917
115 7884 0.59614366
115 7694 0.5817769
115 7493 0.56657845
115 7843 0.5930435
115 8113 0.61345935
115 7977 0.6031758
115 7927 0.5993951
115 7884 0.59614366
115 7843 0.5930435
115 7899 0.5972779
115 7862 0.59448016
115 7601 0.5747448
115 7825 0.59168243
115 8124 0.61429113
115 7969 0.6025709
115 8019 0.6063516
115 7760 0.5867675
115 7625 0.57655954
115 7661 0.5792817
115 8151 0.6163327
115 7825 0.59168243
115 7668 0.579811
115 7911 0.59818524
115 7855 0.59395087
115 7592 0.57406425
115 7854 0.5938752
115 7971 0.6027221
115 8011 0.6057467
115 7748 0.58586013
115 7806 0.5902457
115 8001 0.60499054
115 7976 0.6031002
115 8052 0.6088469
115 7757 0.58654064
115 7993 0.6043856
115 7735 0.58487713
115 8073 0.6104348
115 7817 0.5910775
115 8264 0.62487715
115 7720 0.5837429
115 8142 0.6156522
115 7796 0.5894896
115 7889 0.59652174
115 7823 0.5915312

Size : 120
120 8722 0.6056945
120 8370 0.58125
120 8152 0.5661111
120 8715 0.60520834
120 8592 0.5966667
120 8340 0.57916665
120 8495 0.58993053
120 8481 0.5889583
120 8326 0.57819444
120 8438 0.58597225
120 8592 0.5966667
120 8615 0.59826386
120 8710 0.60486114
120 8509 0.5909028
120 8430 0.5854167
120 8136 0.565
120 8403 0.5835417
120 8198 0.56930554
120 8466 0.5879167
120 8358 0.5804167
120 8761 0.6084028
120 8562 0.59458333
120 8417 0.5845139
120 8600 0.5972222
120 8555 0.5940972
120 7987 0.55465275
120 8372 0.5813889
120 8521 0.59173614
120 8648 0.60055554
120 8633 0.5995139
120 8915 0.61909723
120 7907 0.54909724
120 8448 0.58666664
120 8357 0.58034724
120 8469 0.588125
120 8644 0.6002778
120 8454 0.58708334
120 8705 0.6045139
120 8246 0.57263887
120 8575 0.5954861
120 8736 0.6066667
120 8430 0.5854167
120 8664 0.6016667
120 8562 0.59458333
120 8621 0.59868056
120 8554 0.59402776
120 8430 0.5854167
120 8662 0.60152775
120 8460 0.5875
120 8846 0.61430556

Size : 125
125 9424 0.603136
125 9318 0.596352
125 9587 0.613568
125 9342 0.597888
125 9264 0.592896
125 9391 0.601024
125 9204 0.589056
125 9293 0.594752
125 9733 0.622912
125 9097 0.582208
125 9544 0.610816
125 9100 0.5824
125 9216 0.589824
125 9258 0.592512
125 9328 0.596992
125 9080 0.58112
125 9307 0.595648
125 9110 0.58304
125 9416 0.602624
125 9250 0.592
125 9285 0.59424
125 8972 0.574208
125 9233 0.590912
125 9399 0.601536
125 9282 0.594048
125 8907 0.570048
125 9178 0.587392
125 8687 0.555968
125 9333 0.597312
125 9066 0.580224
125 9387 0.600768
125 8776 0.561664
125 9081 0.581184
125 9150 0.5856
125 9105 0.58272
125 8835 0.56544
125 8700 0.5568
125 9324 0.596736
125 9190 0.58816
125 9440 0.60416
125 9283 0.594112
125 9294 0.594816
125 9579 0.613056
125 9200 0.5888
125 9470 0.60608
125 9060 0.57984
125 9301 0.595264
125 9053 0.579392
125 9246 0.591744
125 8960 0.57344

Size : 130
130 10028 0.59337276
130 9454 0.5594083
130 9836 0.5820118
130 10173 0.6019527
130 10364 0.6132544
130 9906 0.58615386
130 9797 0.57970417
130 9968 0.5898225
130 9490 0.56153846
130 9859 0.5833728
130 9933 0.5877515
130 10201 0.60360944
130 10152 0.60071003
130 10543 0.6238462
130 10499 0.6212426
130 10298 0.60934913
130 9989 0.5910651
130 10180 0.60236686
130 10030 0.59349114
130 10259 0.6070414
130 9844 0.5824852
130 9801 0.57994086
130 9695 0.57366866
130 9752 0.57704145
130 10180 0.60236686
130 9760 0.57751477
130 10428 0.6170414
130 9681 0.5728402
130 9930 0.58757395
130 10282 0.6084024
130 10051 0.5947337
130 10127 0.59923077
130 10103 0.5978106
130 9571 0.5663314
130 10024 0.5931361
130 10036 0.59384614
130 9834 0.5818935
130 9852 0.5829586
130 9680 0.5727811
130 10002 0.5918343
130 10434 0.6173965
130 10276 0.60804737
130 9504 0.56236684
130 9926 0.58733726
130 10125 0.59911245
130 10006 0.592071
130 9795 0.5795858
130 10098 0.5975148
130 10444 0.61798817
130 9806 0.5802367

Size : 135
135 11196 0.614321
135 10420 0.5717421
135 11060 0.60685873
135 10856 0.5956653
135 10861 0.59593964
135 10455 0.5736626
135 10697 0.586941
135 10591 0.58112484
135 10546 0.5786557
135 10277 0.56389576
135 11146 0.6115775
135 10741 0.5893553
135 10484 0.5752538
135 10648 0.5842524
135 10610 0.5821673
135 11289 0.61942387
135 10835 0.59451306
135 10480 0.5750343
135 11041 0.6058162
135 10840 0.59478736
135 10656 0.58469135
135 10875 0.5967078
135 10323 0.5664198
135 11040 0.6057613
135 10895 0.5978052
135 10721 0.5882579
135 10751 0.58990395
135 11058 0.606749
135 10701 0.58716047
135 10748 0.5897394
135 10999 0.60351163
135 10808 0.5930315
135 10684 0.5862277
135 11235 0.6164609
135 10904 0.598299
135 10898 0.59796983
135 10534 0.57799727
135 11014 0.6043347
135 11244 0.61695474
135 11115 0.6098765
135 11170 0.61289436
135 10726 0.5885322
135 10801 0.59264743
135 10837 0.5946228
135 11057 0.6066941
135 10388 0.5699863
135 10828 0.59412897
135 11014 0.6043347
135 10422 0.57185185
135 11034 0.6054321

Size : 140
140 11887 0.6064796
140 11707 0.59729594
140 11355 0.57933676
140 11655 0.5946429
140 11735 0.5987245
140 11402 0.5817347
140 11617 0.59270406
140 11698 0.59683675
140 11769 0.60045916
140 11346 0.57887757
140 11917 0.60801023
140 11381 0.58066326
140 11520 0.5877551
140 11771 0.6005612
140 11474 0.58540815
140 11658 0.59479594
140 11792 0.60163265
140 11844 0.6042857
140 11716 0.5977551
140 12025 0.6135204
140 11993 0.61188775
140 11728 0.59836733
140 11402 0.5817347
140 11281 0.5755612
140 11802 0.6021429
140 11230 0.5729592
140 11525 0.5880102
140 11853 0.6047449
140 11466 0.585
140 11396 0.5814286
140 11780 0.6010204
140 11592 0.5914286
140 12106 0.6176531
140 11730 0.5984694
140 11595 0.59158164
140 11867 0.6054592
140 11764 0.6002041
140 11083 0.5654592
140 11729 0.59841835
140 11453 0.58433676
140 11622 0.59295917
140 11731 0.5985204
140 11665 0.59515303
140 11952 0.6097959
140 11720 0.59795916
140 11767 0.6003571
140 11686 0.5962245
140 11601 0.5918878
140 11440 0.5836735
140 11375 0.58035713

Size : 145
145 12349 0.5873484
145 12053 0.5732699
145 12464 0.5928181
145 12158 0.578264
145 12250 0.5826397
145 12801 0.6088466
145 12373 0.5884899
145 12422 0.59082043
145 12600 0.59928656
145 11952 0.5684661
145 12440 0.5916766
145 12813 0.6094174
145 12160 0.57835907
145 11987 0.5701308
145 12501 0.5945779
145 12580 0.5983353
145 12395 0.58953625
145 11459 0.54501784
145 12267 0.5834483
145 12382 0.588918
145 12519 0.595434
145 12736 0.60575503
145 12327 0.58630204
145 12288 0.5844471
145 12355 0.5876338
145 12423 0.590868
145 12443 0.5918193
145 12482 0.5936742
145 12581 0.5983829
145 12399 0.5897265
145 12071 0.57412606
145 12531 0.5960048
145 12697 0.60390013
145 12476 0.5933888
145 12106 0.5757907
145 12586 0.5986207
145 12007 0.57108206
145 12455 0.59239
145 12793 0.6084661
145 12516 0.5952913
145 12431 0.5912485
145 12084 0.57474434
145 12348 0.58730084
145 12744 0.60613555
145 12426 0.5910107
145 12687 0.6034245
145 12602 0.5993817
145 12620 0.6002378
145 12763 0.6070392
145 12602 0.5993817

Size : 150
150 13373 0.5943556
150 13387 0.5949778
150 13622 0.6054222
150 13415 0.5962222
150 13129 0.5835111
150 13373 0.5943556
150 13339 0.5928444
150 13787 0.61275554
150 13193 0.58635557
150 13116 0.5829333
150 13552 0.60231113
150 13388 0.5950222
150 13040 0.5795556
150 13190 0.58622223
150 13017 0.57853335
150 13516 0.6007111
150 13201 0.5867111
150 13023 0.5788
150 13304 0.59128886
150 13532 0.60142225
150 13469 0.5986222
150 13603 0.6045778
150 13156 0.58471113
150 13962 0.62053335
150 13271 0.58982223
150 13713 0.6094667
150 13652 0.60675555
150 13247 0.58875555
150 13166 0.58515555
150 13121 0.5831556
150 13093 0.5819111
150 13708 0.60924447
150 12929 0.5746222
150 13084 0.58151114
150 13286 0.5904889
150 13294 0.59084445
150 13230 0.588
150 13630 0.6057778
150 13638 0.60613334
150 13340 0.5928889
150 13110 0.5826667
150 13850 0.6155556
150 12790 0.56844443
150 13529 0.6012889
150 13376 0.59448886
150 13178 0.5856889
150 13803 0.6134667
150 13035 0.5793333
150 13532 0.60142225
150 13641 0.6062667

Size : 155
155 14483 0.6028304
155 14026 0.58380854
155 14178 0.5901353
155 14192 0.59071803
155 13864 0.5770655
155 14181 0.59026015
155 13739 0.57186264
155 14346 0.597128
155 14631 0.6089906
155 14486 0.6029553
155 13911 0.5790219
155 14528 0.6047034
155 14468 0.60220605
155 14654 0.609948
155 14140 0.5885536
155 13885 0.5779396
155 14686 0.6112799
155 14275 0.5941727
155 14270 0.59396464
155 14312 0.5957128
155 14370 0.59812695
155 13365 0.5562955
155 14857 0.6183975
155 14077 0.5859313
155 14277 0.594256
155 13917 0.5792716
155 14501 0.6035796
155 14131 0.588179
155 14234 0.5924662
155 14060 0.58522373
155 14048 0.58472425
155 14393 0.59908426
155 14557 0.60591054
155 14532 0.6048699
155 14161 0.58942765
155 14498 0.6034547
155 14489 0.60308015
155 14357 0.59758586
155 14408 0.5997086
155 14716 0.6125286
155 14548 0.6055359
155 14300 0.5952133
155 13894 0.57831424
155 14511 0.60399586
155 13922 0.5794797
155 14030 0.583975
155 14326 0.59629554
155 14491 0.60316336
155 14193 0.59075963
155 14138 0.58847034

Size : 160
160 14897 0.58191407
160 15068 0.5885937
160 15375 0.60058594
160 15307 0.5979297
160 15252 0.59578127
160 14925 0.5830078
160 15763 0.6157422
160 14492 0.56609374
160 14780 0.57734376
160 15270 0.59648436
160 14938 0.58351564
160 15141 0.5914453
160 15338 0.59914064
160 14665 0.57285154
160 14892 0.58171874
160 15095 0.5896484
160 15300 0.59765625
160 15727 0.61433595
160 15601 0.60941404
160 15085 0.58925784
160 15400 0.6015625
160 14867 0.5807422
160 14946 0.58382815
160 15347 0.5994922
160 15358 0.5999219
160 15091 0.5894922
160 15251 0.59574217
160 15037 0.5873828
160 14982 0.5852344
160 15235 0.5951172
160 15175 0.59277344
160 15262 0.59617186
160 15514 0.6060156
160 15176 0.5928125
160 15249 0.5956641
160 15066 0.58851564
160 15365 0.6001953
160 14955 0.5841797
160 15186 0.5932031
160 15102 0.5899219
160 15403 0.6016797
160 15174 0.5927344
160 14985 0.5853516
160 15491 0.6051172
160 15296 0.5975
160 15145 0.59160155
160 15232 0.595
160 15368 0.6003125
160 14439 0.56402344
160 15369 0.6003516

Size : 165
165 16888 0.6203122
165 15981 0.5869973
165 15588 0.572562
165 16264 0.5973921
165 16054 0.5896786
165 16207 0.5952984
165 16161 0.5936088
165 15953 0.5859688
165 16744 0.61502296
165 15728 0.5777043
165 16902 0.6208264
165 16034 0.58894396
165 16578 0.60892564
165 16779 0.6163085
165 15935 0.5853076
165 16184 0.59445363
165 15978 0.58688706
165 15913 0.58449954
165 15603 0.57311296
165 16244 0.59665745
165 15866 0.5827732
165 15850 0.5821855
165 16160 0.5935721
165 15893 0.5837649
165 15975 0.58677685
165 16731 0.61454546
165 16085 0.5908173
165 16014 0.5882094
165 15695 0.5764922
165 15916 0.58460975
165 16364 0.6010652
165 15764 0.57902664
165 16429 0.6034527
165 16552 0.6079706
165 16175 0.59412307
165 16040 0.5891644
165 16235 0.5963269
165 16532 0.60723597
165 16061 0.5899357
165 16047 0.5894215
165 15986 0.5871809
165 16251 0.5969146
165 16742 0.6149495
165 15795 0.58016527
165 16068 0.59019285
165 16230 0.59614325
165 15278 0.5611754
165 16589 0.60932964
165 16058 0.5898255
165 15926 0.58497703

Size : 170
170 17394 0.6018685
170 17220 0.5958477
170 16849 0.5830104
170 17169 0.5940831
170 17214 0.5956401
170 17372 0.60110724
170 17509 0.6058478
170 17667 0.6113149
170 17008 0.5885121
170 17069 0.59062284
170 17644 0.61051905
170 16762 0.58
170 17406 0.6022837
170 17136 0.59294116
170 17362 0.60076123
170 17216 0.5957093
170 16933 0.58591694
170 17178 0.59439445
170 17109 0.5920069
170 17302 0.59868515
170 17065 0.59048444
170 17178 0.59439445
170 17533 0.6066782
170 17751 0.61422145
170 16799 0.5812803
170 17188 0.5947405
170 16491 0.57062286
170 16325 0.5648789
170 17025 0.58910036
170 16868 0.5836678
170 17873 0.6184429
170 17381 0.6014187
170 17321 0.5993426
170 16592 0.57411766
170 16950 0.5865052
170 17247 0.596782
170 16827 0.58224916
170 16845 0.582872
170 17075 0.59083045
170 16930 0.58581316
170 16489 0.57055366
170 17699 0.61242217
170 16809 0.5816263
170 17004 0.5883737
170 16384 0.5669204
170 17475 0.6046713
170 16680 0.5771626
170 16809 0.5816263
170 17282 0.5979931
170 16958 0.586782

Size : 175
175 17939 0.5857633
175 18065 0.58987755
175 18241 0.5956245
175 18120 0.5916735
175 18273 0.5966694
175 17637 0.57590204
175 18404 0.60094696
175 18336 0.5987265
175 18513 0.60450613
175 18391 0.60052246
175 18191 0.5939918
175 18271 0.5966041
175 18022 0.5884735
175 17912 0.5848816
175 17928 0.5854041
175 18177 0.5935347
175 17934 0.5856
175 18712 0.61100405
175 18219 0.59490615
175 18307 0.5977796
175 18034 0.5888653
175 18791 0.6135837
175 18734 0.61172247
175 17961 0.58648163
175 18292 0.5972898
175 17914 0.58494693
175 18388 0.60042447
175 18282 0.5969633
175 18191 0.5939918
175 18277 0.5968
175 17636 0.5758694
175 18910 0.6174694
175 18540 0.60538775
175 17972 0.5868408
175 18233 0.59536326
175 17996 0.5876245
175 17911 0.584849
175 17760 0.5799184
175 17880 0.58383673
175 17898 0.5844245
175 18337 0.5987592
175 18607 0.60757554
175 18772 0.61296326
175 17938 0.5857306
175 18271 0.5966041
175 17678 0.5772408
175 18278 0.59683263
175 18377 0.6000653
175 18011 0.58811426
175 17788 0.58083266

Size : 180
180 19616 0.6054321
180 18903 0.58342594
180 19059 0.58824074
180 19013 0.58682096
180 18999 0.5863889
180 18734 0.5782099
180 19248 0.5940741
180 19319 0.59626544
180 19285 0.59521604
180 19839 0.6123148
180 19140 0.59074074
180 19135 0.5905864
180 19292 0.5954321
180 19205 0.5927469
180 19277 0.59496915
180 19283 0.59515435
180 19190 0.59228396
180 19585 0.6044753
180 18768 0.5792593
180 18944 0.58469135
180 18604 0.57419753
180 19367 0.5977469
180 19141 0.5907716
180 18748 0.57864195
180 19249 0.59410495
180 19401 0.5987963
180 18835 0.58132714
180 18924 0.5840741
180 19063 0.5883642
180 18670 0.5762346
180 18894 0.5831481
180 19947 0.61564815
180 18841 0.58151233
180 19063 0.5883642
180 19530 0.6027778
180 19390 0.5984568
180 19217 0.5931173
180 19527 0.6026852
180 19141 0.5907716
180 19510 0.6021605
180 19445 0.60015434
180 19290 0.59537035
180 19880 0.6135802
180 19004 0.5865432
180 19842 0.6124074
180 19448 0.6002469
180 19177 0.5918827
180 18981 0.5858333
180 19661 0.606821
180 19647 0.60638887

Size : 185
185 20266 0.59214026
185 20695 0.60467494
185 20964 0.6125347
185 20284 0.5926662
185 20676 0.6041198
185 20451 0.5975457
185 20126 0.58804965
185 19607 0.57288533
185 20469 0.5980716
185 20301 0.5931629
185 20267 0.59216946
185 19821 0.57913804
185 19973 0.58357924
185 20433 0.59701973
185 20305 0.5932798
185 20551 0.6004675
185 20234 0.59120524
185 20868 0.6097297
185 19818 0.5790504
185 20087 0.5869101
185 20330 0.59401023
185 19754 0.57718045
185 20337 0.59421474
185 19993 0.5841636
185 20037 0.5854492
185 20706 0.6049963
185 20494 0.59880203
185 20359 0.5948576
185 19960 0.58319944
185 20144 0.5885756
185 20268 0.59219867
185 19885 0.581008
185 20637 0.60298026
185 19799 0.57849526
185 21336 0.62340397
185 19948 0.5828488
185 20302 0.5931921
185 20271 0.59228635
185 20721 0.6054346
185 20437 0.5971366
185 20281 0.59257853
185 20037 0.5854492
185 20442 0.5972827
185 20109 0.58755296
185 20385 0.59561723
185 20116 0.58775747
185 20526 0.59973705
185 20032 0.5853031
185 20440 0.59722424
185 20161 0.5890723

Size : 190
190 21223 0.58789474
190 21261 0.58894736
190 21631 0.5991967
190 21775 0.6031856
190 20578 0.5700277
190 21984 0.60897505
190 21598 0.5982826
190 21194 0.5870914
190 20798 0.57612187
190 21591 0.5980886
190 21647 0.5996399
190 21280 0.58947366
190 21684 0.6006648
190 21490 0.59529084
190 21610 0.59861493
190 21172 0.586482
190 21493 0.595374
190 21668 0.60022163
190 21170 0.5864266
190 21819 0.60440445
190 21619 0.59886426
190 21498 0.59551245
190 21010 0.5819945
190 21809 0.6041274
190 21034 0.5826593
190 21912 0.6069806
190 21234 0.58819944
190 21360 0.59168977
190 21636 0.5993352
190 21505 0.59570634
190 21569 0.5974792
190 21472 0.59479225
190 21815 0.60429364
190 21913 0.60700834
190 21758 0.60271466
190 21034 0.5826593
190 21522 0.5961773
190 21794 0.6037119
190 21528 0.5963435
190 21930 0.6074792
190 20430 0.565928
190 20064 0.5557895
190 22013 0.6097784
190 21586 0.59795016
190 21265 0.58905816
190 21748 0.6024377
190 22883 0.6338781
190 22079 0.61160666
190 21517 0.59603876
190 21592 0.59811634

Size : 195
195 22389 0.58879685
195 22718 0.59744906
195 22644 0.595503
195 23498 0.6179619
195 22774 0.5989218
195 22519 0.59221566
195 22323 0.58706117
195 22692 0.5967653
195 22596 0.5942406
195 22251 0.58516765
195 22668 0.5961341
195 22879 0.6016831
195 22125 0.58185405
195 22874 0.6015516
195 22498 0.59166336
195 22169 0.58301115
195 22501 0.5917423
195 22612 0.5946614
195 22450 0.59040105
195 22249 0.5851151
195 22835 0.600526
195 22791 0.5993688
195 22422 0.5896647
195 22624 0.59497696
195 22103 0.58127546
195 21983 0.57811964
195 22571 0.59358317
195 21998 0.57851416
195 21950 0.5772518
195 22564 0.5933991
195 23141 0.6085733
195 22501 0.5917423
195 22092 0.5809862
195 22803 0.5996844
195 22575 0.59368837
195 22356 0.587929
195 22054 0.5799869
195 22955 0.6036818
195 22207 0.58401054
195 22023 0.5791716
195 23035 0.60578567
195 22587 0.5940039
195 22892 0.602025
195 22275 0.5857988
195 21811 0.5735963
195 22148 0.5824589
195 22709 0.5972124
195 21934 0.57683104
195 22952 0.6036029
195 22556 0.5931887

Size : 200
200 23596 0.5899
200 23498 0.58745
200 23444 0.5861
200 23416 0.5854
200 23315 0.582875
200 23627 0.590675
200 24041 0.601025
200 23397 0.584925
200 24325 0.608125
200 23948 0.5987
200 23571 0.589275
200 23579 0.589475
200 23674 0.59185
200 23606 0.59015
200 24004 0.6001
200 23643 0.591075
200 23667 0.591675
200 23116 0.5779
200 23944 0.5986
200 24395 0.609875
200 24486 0.61215
200 23420 0.5855
200 23496 0.5874
200 22978 0.57445
200 23338 0.58345
200 24160 0.604
200 22950 0.57375
200 23382 0.58455
200 23902 0.59755
200 23328 0.5832
200 23535 0.588375
200 22806 0.57015
200 23499 0.587475
200 23919 0.597975
200 22850 0.57125
200 23435 0.585875
200 23573 0.589325
200 24068 0.6017
200 23217 0.580425
200 24143 0.603575
200 23971 0.599275
200 23680 0.592
200 23585 0.589625
200 24186 0.60465
200 23617 0.590425
200 24280 0.607
200 23022 0.57555
200 23717 0.592925
200 23736 0.5934
200 24304 0.6076

Size : 205
205 24976 0.5943129
205 24837 0.5910053
205 25591 0.60894704
205 25249 0.60080904
205 24617 0.58577037
205 24909 0.5927186
205 24898 0.5924569
205 25324 0.6025937
205 24514 0.5833194
205 24337 0.5791077
205 24822 0.5906484
205 25810 0.6141582
205 24855 0.59143364
205 24814 0.59045804
205 25228 0.6003093
205 25036 0.5957406
205 25011 0.59514576
205 24954 0.5937894
205 25179 0.5991434
205 24132 0.5742296
205 24918 0.59293276
205 25044 0.595931
205 25172 0.5989768
205 24656 0.5866984
205 24865 0.59167165
205 24426 0.58122545
205 24738 0.58864963
205 24486 0.58265316
205 24114 0.5738013
205 25379 0.60390246
205 25268 0.60126114
205 25851 0.6151338
205 24969 0.5941464
205 24839 0.59105295
205 24954 0.5937894
205 24550 0.58417606
205 25031 0.59562165
205 24516 0.58336705
205 24499 0.5829625
205 24667 0.58696014
205 25734 0.6123498
205 25080 0.59678763
205 25528 0.6074479
205 24825 0.5907198
205 24260 0.57727545
205 26105 0.62117785
205 24104 0.57356334
205 24601 0.5853897
205 24620 0.5858418
205 25120 0.59773946

Size : 210
210 25968 0.5888435
210 26062 0.59097505
210 26177 0.59358275
210 26658 0.6044898
210 26035 0.5903628
210 25870 0.58662134
210 26307 0.5965306
210 26505 0.6010204
210 26752 0.6066213
210 25689 0.582517
210 25629 0.5811565
210 25994 0.58943313
210 26581 0.60274374
210 25826 0.58562356
210 26659 0.60451245
210 26911 0.61022675
210 26483 0.60052156
210 25834 0.585805
210 26411 0.5988889
210 26514 0.6012245
210 26107 0.5919955
210 25891 0.5870975
210 26023 0.5900907
210 26118 0.5922449
210 26088 0.59156466
210 25462 0.57736963
210 26380 0.59818596
210 26347 0.5974376
210 25952 0.5884807
210 25838 0.5858957
210 26357 0.5976644
210 25982 0.589161
210 26006 0.5897052
210 25978 0.5890703
210 25514 0.5785487
210 26054 0.59079367
210 26286 0.59605443
210 26228 0.59473926
210 26437 0.5994785
210 25667 0.58201814
210 25518 0.57863945
210 25634 0.58126986
210 26271 0.5957143
210 26178 0.59360546
210 26090 0.59160995
210 25299 0.5736735
210 25862 0.5864399
210 25469 0.57752836
210 25837 0.585873
210 25760 0.584127

Size : 215
215 27035 0.5848567
215 27553 0.5960627
215 26758 0.5788643
215 28209 0.61025417
215 27531 0.5955868
215 27705 0.599351
215 27382 0.5923634
215 27153 0.58740944
215 27532 0.5956084
215 27579 0.5966252
215 27534 0.5956517
215 27536 0.59569496
215 27376 0.59223366
215 26967 0.5833856
215 26979 0.5836452
215 27443 0.59368306
215 26034 0.5632017
215 27697 0.59917796
215 26888 0.5816766
215 27544 0.59586805
215 27564 0.5963007
215 27181 0.58801514
215 27556 0.5961276
215 26995 0.58399135
215 27377 0.5922553
215 27871 0.6029421
215 27852 0.6025311
215 26097 0.56456465
215 27063 0.5854624
215 27499 0.5948945
215 27111 0.5865008
215 27380 0.59232014
215 27560 0.5962142
215 27543 0.5958464
215 26487 0.5730016
215 27842 0.6023148
215 27579 0.5966252
215 27938 0.6043916
215 27964 0.604954
215 27097 0.586198
215 26256 0.5680043
215 27019 0.58451056
215 27304 0.59067607
215 27325 0.5911303
215 27359 0.5918659
215 27316 0.59093565
215 27537 0.5957166
215 27473 0.5943321
215 27119 0.58667386
215 27059 0.5853759

Size : 220
220 29274 0.60483474
220 28521 0.58927685
220 28526 0.58938015
220 28133 0.5812603
220 29291 0.6051859
220 28873 0.5965496
220 28701 0.5929959
220 28812 0.59528923
220 28300 0.5847107
220 28811 0.5952686
220 28516 0.58917356
220 28576 0.5904132
220 29331 0.6060124
220 28841 0.59588844
220 29723 0.61411154
220 28460 0.5880165
220 28841 0.59588844
220 28962 0.59838843
220 28085 0.5802686
220 27879 0.5760124
220 28916 0.59743804
220 28562 0.59012395
220 29150 0.60227275
220 29150 0.60227275
220 28476 0.58834714
220 29302 0.6054132
220 28898 0.5970661
220 29486 0.6092149
220 28523 0.58931816
220 28742 0.593843
220 28879 0.59667355
220 28964 0.59842974
220 28783 0.5946901
220 28826 0.5955785
220 28628 0.5914876
220 28595 0.59080577
220 27933 0.5771281
220 28545 0.5897727
220 27289 0.5638223
220 28954 0.59822315
220 28934 0.5978099
220 28988 0.5989256
220 28476 0.58834714
220 28674 0.59243804
220 27902 0.5764876
220 28612 0.591157
220 28705 0.5930785
220 29050 0.6002066
220 28570 0.59028924
220 28605 0.5910124

Size : 225
225 29363 0.5800099
225 29495 0.5826173
225 29290 0.5785679
225 29982 0.59223706
225 30088 0.59433085
225 29566 0.5840198
225 28856 0.56999505
225 30323 0.59897286
225 29592 0.58453333
225 29343 0.5796148
225 29502 0.58275557
225 30704 0.6064988
225 29649 0.58565927
225 30441 0.6013037
225 29474 0.5822025
225 31218 0.61665183
225 29893 0.590479
225 29699 0.5866469
225 29258 0.5779358
225 30149 0.5955358
225 30106 0.59468645
225 29787 0.58838516
225 30034 0.5932642
225 29520 0.5831111
225 30357 0.5996444
225 29720 0.5870617
225 30691 0.606242
225 30092 0.5944099
225 29835 0.58933336
225 29475 0.5822222
225 30344 0.59938765
225 30364 0.5997827
225 30669 0.6058074
225 29697 0.5866074
225 30297 0.59845924
225 29559 0.5838815
225 29601 0.58471113
225 30349 0.5994864
225 29907 0.5907556
225 30258 0.5976889
225 30131 0.5951803
225 30356 0.5996247
225 30100 0.5945679
225 30772 0.60784197
225 30543 0.6033185
225 30156 0.5956741
225 30270 0.5979259
225 29611 0.58490866
225 29767 0.5879901
225 29704 0.5867457

Size : 230
230 31654 0.5983743
230 30823 0.5826654
230 31295 0.5915879
230 31641 0.59812856
230 30760 0.5814745
230 30929 0.5846692
230 31768 0.6005293
230 31565 0.59669185
230 31784 0.60083175
230 31115 0.58818525
230 30983 0.58568996
230 30689 0.5801323
230 32280 0.6102079
230 32316 0.6108885
230 31183 0.5894707
230 29922 0.5656333
230 31167 0.58916825
230 31743 0.6000567
230 31918 0.6033648
230 30941 0.584896
230 32428 0.6130057
230 31523 0.5958979
230 31050 0.5869565
230 32241 0.6094707
230 31230 0.59035915
230 31162 0.5890737
230 30891 0.5839509
230 31540 0.5962193
230 30814 0.5824953
230 29859 0.56444234
230 31138 0.58862007
230 31039 0.5867486
230 30826 0.5827221
230 31597 0.5972968
230 31151 0.58886576
230 31187 0.5895463
230 31201 0.58981097
230 31455 0.5946125
230 32369 0.6118904
230 31374 0.5930813
230 30734 0.580983
230 32355 0.61162573
230 30905 0.5842155
230 31718 0.5995841
230 30860 0.58336484
230 31884 0.6027221
230 31570 0.5967864
230 30966 0.58536863
230 31595 0.597259
230 31103 0.5879584

Size : 235
235 33073 0.5988773
235 32006 0.57955635
235 32252 0.58401084
235 32772 0.5934269
235 32877 0.5953282
235 33096 0.59929377
235 32965 0.5969217
235 32712 0.5923404
235 32445 0.58750564
235 32095 0.58116794
235 33288 0.6027705
235 32852 0.5948755
235 32149 0.58214575
235 33336 0.60363966
235 33043 0.5983341
235 33298 0.6029516
235 32024 0.5798823
235 31920 0.5779991
235 32739 0.59282935
235 32672 0.5916161
235 32377 0.5862743
235 32349 0.5857673
235 32632 0.5908918
235 33107 0.59949297
235 33392 0.6046537
235 32568 0.5897329
235 32286 0.58462656
235 32683 0.5918153
235 32931 0.596306
235 33048 0.5984246
235 32677 0.59170663
235 32737 0.5927931
235 32510 0.58868265
235 33326 0.6034586
235 31693 0.57388866
235 32652 0.59125394
235 32498 0.5884654
235 32296 0.58480763
235 32766 0.5933182
235 32220 0.5834314
235 31814 0.57607967
235 32136 0.5819104
235 33530 0.6071526
235 32197 0.58301497
235 33035 0.59818923
235 32805 0.5940244
235 31731 0.57457674
235 32274 0.58440924
235 33499 0.6065912
235 32965 0.5969217

Size : 240
240 34487 0.59873265
240 33571 0.58282983
240 34275 0.59505206
240 34275 0.59505206
240 34666 0.60184026
240 32989 0.5727257
240 34729 0.602934
240 34242 0.59447914
240 34602 0.60072917
240 33883 0.5882465
240 33899 0.5885243
240 33762 0.5861458
240 33178 0.57600695
240 33492 0.58145833
240 33782 0.5864931
240 33904 0.5886111
240 34537 0.5996007
240 33423 0.5802604
240 32723 0.56810766
240 32972 0.57243055
240 34423 0.5976215
240 34664 0.60180557
240 33463 0.58095485
240 34354 0.5964236
240 33537 0.58223957
240 34679 0.602066
240 33823 0.5872049
240 34082 0.5917014
240 33979 0.5899132
240 34371 0.5967187
240 35432 0.6151389
240 34309 0.5956424
240 33693 0.58494794
240 34497 0.5989063
240 34211 0.593941
240 33775 0.58637154
240 34372 0.59673613
240 33669 0.58453125
240 34015 0.5905382
240 34000 0.5902778
240 34329 0.5959896
240 34412 0.5974305
240 33781 0.5864757
240 34048 0.5911111
240 34082 0.5917014
240 34086 0.5917708
240 34424 0.5976389
240 34114 0.59225696
240 33409 0.5800174
240 34502 0.59899306

Size : 245
245 34770 0.5792586
245 35809 0.5965681
245 36681 0.61109537
245 35543 0.5921366
245 35358 0.5890546
245 36147 0.6021991
245 34555 0.5756768
245 35438 0.59038734
245 35615 0.5933361
245 36129 0.6018992
245 35860 0.5974178
245 35410 0.5899209
245 36029 0.60023326
245 35232 0.5869554
245 36080 0.60108286
245 35151 0.585606
245 36102 0.6014494
245 35826 0.5968513
245 35626 0.5935194
245 35705 0.59483546
245 36547 0.608863
245 35558 0.5923865
245 35311 0.58827156
245 34738 0.5787255
245 35474 0.5909871
245 36180 0.6027489
245 35203 0.58647233
245 36155 0.60233235
245 34509 0.57491046
245 35391 0.5896043
245 34913 0.58164096
245 35125 0.58517283
245 35781 0.59610164
245 35329 0.5885714
245 35215 0.58667225
245 36186 0.6028488
245 35160 0.58575594
245 35086 0.58452314
245 34920 0.5817576
245 35579 0.59273636
245 36216 0.6033486
245 35610 0.59325284
245 35690 0.5945856
245 35023 0.58347356
245 36028 0.60021657
245 34204 0.5698292
245 35352 0.5889546
245 34857 0.580708
245 36092 0.6012828
245 34854 0.5806581

Size : 250
250 36273 0.580368
250 36614 0.585824
250 37728 0.603648
250 37296 0.596736
250 35989 0.575824
250 36320 0.58112
250 37277 0.596432
250 38327 0.613232
250 37248 0.595968
250 37070 0.59312
250 37012 0.592192
250 37703 0.603248
250 36831 0.589296
250 36459 0.583344
250 37155 0.59448
250 37080 0.59328
250 37245 0.59592
250 36644 0.586304
250 36104 0.577664
250 37462 0.599392
250 37198 0.595168
250 36483 0.583728
250 37703 0.603248
250 38110 0.60976
250 37432 0.598912
250 36651 0.586416
250 36600 0.5856
250 36899 0.590384
250 36962 0.591392
250 36498 0.583968
250 36928 0.590848
250 36846 0.589536
250 36675 0.5868
250 37284 0.596544
250 36482 0.583712
250 36676 0.586816
250 37216 0.595456
250 37377 0.598032
250 37461 0.599376
250 36690 0.58704
250 36334 0.581344
250 36795 0.58872
250 36863 0.589808
250 37531 0.600496
250 36203 0.579248
250 37112 0.593792
250 37434 0.598944
250 36763 0.588208
250 37067 0.593072
250 36828 0.589248

Size : 255
255 39600 0.6089965
255 39043 0.6004306
255 39554 0.6082891
255 37600 0.57823914
255 38736 0.5957093
255 37357 0.5745021
255 37784 0.5810688
255 38486 0.59186465
255 38603 0.593664
255 38177 0.58711267
255 38169 0.58698964
255 38518 0.5923568
255 38066 0.5854056
255 38076 0.5855594
255 38116 0.58617455
255 37704 0.5798385
255 38264 0.5884506
255 38907 0.5983391
255 38338 0.58958864
255 38889 0.5980623
255 38958 0.5991234
255 38956 0.59909266
255 38965 0.59923106
255 38600 0.59361786
255 38694 0.59506345
255 38534 0.59260285
255 39532 0.6079508
255 38389 0.5903729
255 38455 0.5913879
255 38594 0.5935256
255 38593 0.5935102
255 37726 0.58017683
255 38422 0.59088045
255 37423 0.5755171
255 38130 0.58638984
255 37709 0.5799154
255 37858 0.58220685
255 38389 0.5903729
255 37597 0.578193
255 38427 0.59095734
255 38568 0.5931257
255 38586 0.59340256
255 37752 0.5805767
255 38455 0.5913879
255 38211 0.5876355
255 38246 0.5881738
255 37768 0.58082277
255 38655 0.59446365
255 38323 0.5893579
255 38922 0.5985698

Size : 260
260 39969 0.5912574
260 39791 0.58862424
260 39671 0.5868491
260 40409 0.5977663
260 40854 0.60434914
260 41043 0.60714495
260 39668 0.58680475
260 40995 0.6064349
260 39978 0.59139055
260 39277 0.5810207
260 40224 0.5950296
260 39297 0.5813166
260 40132 0.59366864
260 40577 0.6002515
260 39495 0.58424556
260 39413 0.58303255
260 40416 0.5978698
260 40423 0.59797335
260 39839 0.5893343
260 40851 0.60430473
260 40343 0.59678996
260 40542 0.5997337
260 40800 0.6035503
260 39916 0.59047335
260 39122 0.5787278
260 39687 0.5870858
260 40373 0.5972337
260 40551 0.59986687
260 39835 0.5892751
260 39653 0.58658284
260 40556 0.59994084
260 39851 0.5895118
260 40049 0.59244084
260 40247 0.5953698
260 40144 0.59384614
260 39779 0.58844674
260 40165 0.5941568
260 40203 0.59471893
260 39465 0.58380175
260 39816 0.5889941
260 41063 0.6074408
260 40434 0.59813607
260 40041 0.59232247
260 39449 0.5835651
260 40811 0.60371304
260 41086 0.60778105
260 39910 0.5903846
260 40131 0.59365386
260 40204 0.5947337
260 39876 0.58988166

Size : 265
265 41592 0.5922677
265 41696 0.5937487
265 42815 0.60968316
265 41138 0.5858028
265 41753 0.5945603
265 41338 0.58865076
265 41991 0.59794945
265 41011 0.5839943
265 40983 0.5835956
265 42030 0.5985048
265 41694 0.5937202
265 40502 0.57674617
265 41895 0.5965824
265 40674 0.57919544
265 41941 0.59723747
265 41236 0.5871983
265 41359 0.5889498
265 42060 0.598932
265 41646 0.59303665
265 41554 0.5917266
265 41832 0.5956853
265 41842 0.5958277
265 41797 0.5951869
265 41449 0.5902314
265 42169 0.60048413
265 42190 0.60078317
265 41849 0.59592736
265 42550 0.6059096
265 41653 0.59313637
265 42194 0.60084015
265 41290 0.5879673
265 41100 0.58526164
265 40551 0.57744396
265 41481 0.5906871
265 43426 0.61838377
265 42040 0.5986472
265 42193 0.6008259
265 41221 0.5869847
265 41108 0.5853756
265 42103 0.59954435
265 41431 0.58997506
265 41937 0.5971805
265 41988 0.5979067
265 42152 0.6002421
265 41563 0.59185475
265 42442 0.60437167
265 40260 0.5733001
265 41814 0.595429
265 42171 0.6005126
265 41654 0.5931506

Size : 270
270 43986 0.6033745
270 42644 0.5849657
270 41875 0.574417
270 43372 0.594952
270 42796 0.58705074
270 43703 0.59949243
270 43784 0.6006036
270 45058 0.61807954
270 43114 0.5914129
270 43668 0.5990124
270 43503 0.59674895
270 42452 0.58233196
270 43068 0.59078187
270 43031 0.59027433
270 43221 0.59288067
270 42487 0.5828121
270 42634 0.58482856
270 43507 0.59680384
270 43094 0.59113854
270 43631 0.5985048
270 42846 0.5877366
270 43882 0.60194784
270 42848 0.5877641
270 41842 0.57396436
270 43736 0.5999451
270 43319 0.594225
270 42727 0.5861043
270 43203 0.5926337
270 43594 0.59799725
270 44114 0.6051303
270 42505 0.583059
270 44522 0.610727
270 43598 0.59805214
270 43572 0.59769547
270 43397 0.59529495
270 42234 0.5793416
270 44172 0.6059259
270 44167 0.6058573
270 43073 0.5908505
270 42738 0.58625513
270 43670 0.5990398
270 43175 0.59224963
270 43871 0.601797
270 43442 0.5959122
270 42991 0.5897257
270 42975 0.58950615
270 43042 0.59042525
270 42662 0.58521265
270 42725 0.5860768
270 42302 0.58027434

Size : 275
275 45617 0.6032
275 44404 0.58716035
275 45190 0.59755373
275 45055 0.5957686
275 45035 0.5955041
275 44296 0.5857322
275 45107 0.59645617
275 46369 0.6131438
275 44379 0.5868298
275 44841 0.59293884
275 45212 0.5978446
275 45113 0.59653556
275 44547 0.58905125
275 45279 0.59873056
275 44319 0.5860364
275 44524 0.5887471
275 44775 0.5920661
275 44509 0.5885488
275 45257 0.5984397
275 45297 0.59896857
275 44132 0.5835636
275 44716 0.59128594
275 44846 0.59300494
275 45097 0.59632397
275 44576 0.5894347
275 45051 0.5957157
275 44858 0.5931636
275 45352 0.59969586
275 44062 0.582638
275 44798 0.5923703
275 45377 0.6000264
275 44224 0.58478016
275 46737 0.6180099
275 44372 0.5867372
275 45802 0.60564625
275 45028 0.5954116
275 44246 0.5850711
275 45474 0.6013091
275 45911 0.6070876
275 44662 0.5905719
275 45603 0.6030149
275 44433 0.5875438
275 44547 0.58905125
275 46159 0.61036694
275 45376 0.6000132
275 46137 0.610076
275 43808 0.57927936
275 43966 0.58136857
275 44319 0.5860364
275 43796 0.57912064

Size : 280
280 45505 0.5804209
280 47056 0.6002041
280 47326 0.60364795
280 46932 0.59862244
280 46653 0.59506375
280 46763 0.59646684
280 47988 0.61209184
280 45249 0.5771556
280 46425 0.59215564
280 46746 0.59625
280 47581 0.6069005
280 46170 0.58890307
280 45483 0.5801403
280 46458 0.5925765
280 46194 0.5892092
280 46055 0.5874362
280 46812 0.59709185
280 46338 0.5910459
280 47123 0.60105866
280 46614 0.59456635
280 45757 0.5836352
280 46044 0.5872959
280 46443 0.59238523
280 46776 0.59663266
280 45932 0.58586735
280 47425 0.60491073
280 46009 0.5868495
280 46981 0.59924746
280 45876 0.58515304
280 45913 0.585625
280 46746 0.59625
280 46596 0.59433675
280 46858 0.59767854
280 46508 0.5932143
280 45300 0.5778061
280 46708 0.5957653
280 45717 0.583125
280 46347 0.5911607
280 46695 0.5955995
280 46976 0.5991837
280 46587 0.59422195
280 45916 0.58566326
280 46399 0.591824
280 46884 0.5980102
280 46409 0.59195155
280 46428 0.5921939
280 45950 0.58609694
280 46274 0.5902296
280 47681 0.608176
280 47522 0.60614794

Size : 285
285 47743 0.58778703
285 48442 0.59639275
285 47758 0.5879717
285 48252 0.59405357
285 48604 0.5983872
285 47784 0.58829176
285 49869 0.6139612
285 48675 0.5992613
285 48291 0.5945337
285 47035 0.5790705
285 47292 0.58223456
285 48181 0.59317946
285 47851 0.58911663
285 48922 0.60230225
285 48675 0.5992613
285 48127 0.59251463
285 47349 0.5829363
285 48104 0.59223145
285 47812 0.5886365
285 47923 0.5900031
285 48325 0.5949523
285 48182 0.59319174
285 46726 0.57526624
285 48113 0.59234226
285 47024 0.5789351
285 47813 0.5886488
285 49360 0.6076947
285 49101 0.604506
285 47441 0.58406895
285 47714 0.58743
285 48514 0.5972792
285 47684 0.58706063
285 47283 0.58212376
285 48042 0.59146816
285 47894 0.58964604
285 48756 0.6002585
285 49204 0.6057741
285 48117 0.5923915
285 47711 0.58739305
285 48576 0.5980425
285 48237 0.5938689
285 48095 0.59212065
285 47915 0.5899046
285 48781 0.6005663
285 48534 0.5975254
285 47971 0.59059405
285 47983 0.59074175
285 48156 0.59287167
285 48330 0.59501386
285 47838 0.5889566

Size : 290
290 50211 0.5970392
290 49203 0.5850535
290 49804 0.59219974
290 49081 0.58360285
290 50553 0.6011058
290 50344 0.5986207
290 50222 0.59717005
290 49399 0.58738405
290 49811 0.592283
290 49553 0.5892152
290 50319 0.5983234
290 49285 0.5860285
290 49176 0.5847325
290 49988 0.59438765
290 49848 0.59272295
290 49365 0.5869798
290 49632 0.5901546
290 49309 0.5863139
290 49868 0.5929608
290 50678 0.6025922
290 50147 0.59627825
290 50299 0.59808564
290 49472 0.58825207
290 50817 0.60424495
290 49277 0.5859334
290 49921 0.593591
290 50279 0.5978478
290 49304 0.5862545
290 50673 0.6025327
290 49946 0.5938882
290 49343 0.5867182
290 50780 0.603805
290 49693 0.5908799
290 49430 0.5877527
290 48638 0.57833534
290 49612 0.58991677
290 49603 0.5898098
290 48874 0.5811415
290 49518 0.58879906
290 50312 0.5982402
290 50224 0.59719384
290 51943 0.61763376
290 48511 0.5768252
290 49634 0.5901784
290 48325 0.5746136
290 49750 0.5915577
290 49240 0.58549345
290 49951 0.5939477
290 49790 0.59203327
290 50470 0.60011894

Size : 295
295 51711 0.59420854
295 52871 0.60753804
295 51721 0.59432346
295 52614 0.6045849
295 51504 0.59182996
295 50996 0.5859925
295 52846 0.6072508
295 51070 0.58684283
295 53000 0.6090204
295 51496 0.591738
295 51428 0.5909566
295 51798 0.5952083
295 50770 0.5833956
295 51981 0.59731114
295 51587 0.5927837
295 51581 0.5927147
295 51133 0.5875668
295 51710 0.5941971
295 52567 0.6040448
295 51387 0.5904855
295 50896 0.58484346
295 52546 0.6038035
295 52965 0.6086182
295 51948 0.59693193
295 52000 0.5975295
295 51610 0.593048
295 51191 0.5882333
295 52119 0.59889686
295 51083 0.58699226
295 50775 0.58345306
295 50877 0.5846251
295 51615 0.59310544
295 51418 0.5908417
295 51439 0.59108305
295 51268 0.58911806
295 51164 0.587923
295 52203 0.5998621
295 51450 0.5912094
295 51298 0.5894628
295 50994 0.58596957
295 50717 0.58278656
295 51304 0.5895317
295 51231 0.5886929
295 52351 0.6015628
295 50802 0.5837633
295 51198 0.5883137
295 51730 0.5944269
295 50719 0.5828095
295 50609 0.58154553
295 52175 0.59954035

Size : 300
300 52047 0.5783
300 52786 0.58651114
300 52742 0.5860222
300 53044 0.58937776
300 53312 0.59235555
300 53807 0.59785557
300 52311 0.5812333
300 53729 0.5969889
300 52911 0.5879
300 53362 0.5929111
300 52266 0.58073336
300 53975 0.5997222
300 53080 0.58977777
300 53247 0.5916333
300 54274 0.60304445
300 53592 0.5954667
300 53138 0.5904222
300 54466 0.60517776
300 53937 0.5993
300 53520 0.59466666
300 53482 0.5942444
300 52326 0.5814
300 53230 0.59144443
300 53952 0.5994667
300 54311 0.60345554
300 54662 0.60735554
300 53732 0.59702224
300 53257 0.5917444
300 54385 0.6042778
300 52949 0.5883222
300 55259 0.6139889
300 53464 0.59404445
300 53336 0.5926222
300 53886 0.5987333
300 53866 0.5985111
300 54396 0.6044
300 52042 0.57824445
300 53744 0.5971556
300 53394 0.59326667
300 52289 0.5809889
300 53398 0.59331113
300 53243 0.5915889
300 52328 0.5814222
300 53292 0.59213334
300 54728 0.6080889
300 54386 0.6042889
300 54261 0.6029
300 53901 0.5989
300 53358 0.59286666
300 53028 0.5892

Size : 305
305 55588 0.5975598
305 55139 0.59273314
305 54617 0.5871217
305 54606 0.58700347
305 55173 0.59309864
305 55359 0.5950981
305 54982 0.59104544
305 55313 0.5946036
305 54331 0.5840473
305 56192 0.60405266
305 55807 0.599914
305 55176 0.5931309
305 55378 0.59530234
305 55585 0.59752756
305 55892 0.60082775
305 55888 0.6007847
305 54070 0.5812416
305 55909 0.6010105
305 56221 0.6043644
305 55607 0.597764
305 56227 0.6044289
305 54637 0.5873367
305 55356 0.59506583
305 55890 0.60080624
305 55024 0.5914969
305 55133 0.59266865
305 54545 0.58634776
305 55478 0.5963773
305 55299 0.5944531
305 55480 0.59639883
305 55954 0.6014942
305 54201 0.5826498
305 54395 0.5847353
305 54914 0.59031445
305 55876 0.60065573
305 54239 0.5830583
305 54041 0.5809299
305 54829 0.5894007
305 55404 0.5955818
305 55337 0.59486157
305 55720 0.59897876
305 54709 0.58811074
305 55037 0.59163666
305 54264 0.58332705
305 55072 0.5920129
305 54892 0.59007794
305 54662 0.5876055
305 55912 0.60104275
305 55759 0.599398
305 55076 0.5920559

Size : 310
310 56941 0.5925182
310 57441 0.5977211
310 57936 0.602872
310 55863 0.58130074
310 57412 0.5974194
310 57239 0.59561914
310 56584 0.58880335
310 58081 0.60438085
310 57386 0.5971488
310 56527 0.5882102
310 57691 0.6003226
310 56412 0.58701354
310 57037 0.5935172
310 56609 0.58906347
310 58277 0.6064204
310 55568 0.57823104
310 57516 0.59850156
310 56361 0.5864828
310 57325 0.59651405
310 57101 0.59418315
310 56831 0.59137356
310 57030 0.59344435
310 56635 0.589334
310 56887 0.5919563
310 57094 0.5941103
310 56953 0.5926431
310 56573 0.58868885
310 56472 0.5876379
310 57062 0.5937773
310 57252 0.59575444
310 57454 0.5978564
310 57304 0.59629554
310 57296 0.59621227
310 57254 0.59577525
310 56076 0.5835172
310 58628 0.61007285
310 57578 0.5991467
310 56549 0.5884391
310 56429 0.58719045
310 56665 0.5896462
310 56577 0.5887305
310 56708 0.5900937
310 56206 0.5848699
310 55974 0.58245575
310 57631 0.59969825
310 56173 0.58452654
310 57404 0.5973361
310 56189 0.584693
310 56054 0.58328825
310 56880 0.5918835

Size : 315
315 58533 0.58990175
315 58396 0.58852106
315 58722 0.5918065
315 58299 0.5875435
315 59153 0.59615016
315 58293 0.587483
315 60341 0.60812294
315 58052 0.58505416
315 58577 0.5903452
315 57981 0.5843386
315 58727 0.5918569
315 58748 0.59206855
315 58903 0.5936306
315 58567 0.5902444
315 58571 0.5902847
315 58698 0.59156466
315 58532 0.5898917
315 60377 0.60848576
315 59787 0.60253966
315 59149 0.59610987
315 58180 0.5863442
315 58951 0.59411436
315 59147 0.5960897
315 59715 0.60181403
315 58654 0.5911212
315 58844 0.59303606
315 58824 0.5928345
315 58586 0.59043586
315 58665 0.59123206
315 59469 0.59933484
315 57945 0.5839758
315 59059 0.5952028
315 59684 0.60150164
315 59140 0.59601915
315 57565 0.58014613
315 59218 0.5968052
315 59154 0.59616023
315 58712 0.59170574
315 58267 0.58722097
315 59044 0.59505165
315 58992 0.5945276
315 59103 0.59564626
315 58326 0.5878156
315 59028 0.5948904
315 59804 0.602711
315 59423 0.59887123
315 58798 0.59257245
315 58355 0.5881078
315 59351 0.5981456
315 59375 0.5983875

Size : 320
320 60950 0.59521484
320 60192 0.5878125
320 59954 0.58548826
320 60443 0.59026366
320 59942 0.5853711
320 60816 0.5939062
320 60313 0.58899415
320 61168 0.59734374
320 59978 0.5857227
320 60708 0.5928516
320 60824 0.59398437
320 60310 0.5889648
320 61053 0.59622073
320 61253 0.59817386
320 59766 0.5836523
320 59632 0.58234376
320 59660 0.58261716
320 61736 0.6028906
320 60614 0.5919336
320 58990 0.57607424
320 61092 0.59660155
320 60083 0.58674806
320 60738 0.59314454
320 60009 0.5860254
320 61649 0.602041
320 60891 0.59463865
320 60526 0.5910742
320 62060 0.60605466
320 60086 0.5867773
320 60799 0.5937402
320 60265 0.5885254
320 60367 0.58952147
320 59043 0.5765918
320 60937 0.5950879
320 58362 0.5699414
320 62771 0.61299807
320 60639 0.59217775
320 60488 0.5907031
320 60295 0.5888184
320 61739 0.60291994
320 60659 0.5923731
320 60527 0.591084
320 61150 0.59716797
320 61179 0.59745115
320 61272 0.59835935
320 60013 0.58606446
320 61321 0.5988379
320 61101 0.59668946
320 61062 0.5963086
320 60808 0.59382814

Size : 325
325 63892 0.6048947
325 61926 0.58628166
325 62428 0.5910343
325 63041 0.5968379
325 62480 0.5915266
325 62528 0.59198105
325 63122 0.59760475
325 62726 0.5938556
325 63181 0.5981633
325 62168 0.5885728
325 62760 0.59417754
325 62520 0.5919053
325 63071 0.5971219
325 63932 0.60527337
325 61920 0.58622485
325 63154 0.5979077
325 60424 0.57206154
325 62249 0.5893397
325 62661 0.59324026
325 61979 0.5867834
325 62974 0.59620357
325 63128 0.59766155
325 61613 0.58331835
325 63554 0.6016947
325 63163 0.5979929
325 62847 0.59500116
325 63690 0.6029822
325 63285 0.5991479
325 63189 0.59823906
325 63714 0.6032095
325 63204 0.59838104
325 62991 0.5963645
325 61561 0.582826
325 62704 0.59364736
325 62024 0.58720946
325 63097 0.59736806
325 63585 0.60198814
325 63578 0.6019219
325 61729 0.58441657
325 62191 0.58879054
325 62794 0.5944994
325 63113 0.5975195
325 62573 0.5924071
325 63687 0.60295385
325 63385 0.6000947
325 63171 0.59806865
325 63199 0.5983337
325 62101 0.5879385
325 62465 0.5913846
325 62887 0.5953799

Size : 330
330 65700 0.60330576
330 64694 0.59406793
330 63944 0.5871809
330 65473 0.6012213
330 65562 0.60203856
330 66290 0.6087236
330 65404 0.60058767
330 65337 0.5999724
330 64848 0.5954821
330 64841 0.5954178
330 64711 0.59422404
330 65418 0.60071623
330 64142 0.5889991
330 64735 0.59444445
330 64381 0.59119374
330 65219 0.5988889
330 64336 0.59078056
330 64649 0.59365475
330 63821 0.5860514
330 63734 0.5852525
330 65175 0.5984849
330 64760 0.594674
330 64445 0.59178144
330 65349 0.60008264
330 63943 0.58717173
330 64874 0.5957208
330 64932 0.59625345
330 64521 0.59247935
330 65247 0.599146
330 64739 0.59448117
330 64002 0.5877135
330 63612 0.58413225
330 63613 0.58414143
330 64199 0.5895225
330 63329 0.5815335
330 64210 0.5896235
330 65274 0.59939396
330 65676 0.6030854
330 64324 0.59067035
330 64653 0.59369147
330 65306 0.5996878
330 63687 0.5848209
330 64474 0.59204775
330 65416 0.6006979
330 65145 0.5982094
330 65216 0.59886134
330 63321 0.58146006
330 63983 0.587539
330 64970 0.5966024
330 65423 0.6007622

Size : 335
335 68127 0.6070573
335 65497 0.5836222
335 66341 0.5911428
335 65434 0.5830608
335 67209 0.59887725
335 66427 0.5919091
335 66988 0.596908
335 66775 0.59501004
335 67050 0.59746045
335 66119 0.5891646
335 65693 0.5853687
335 66263 0.5904478
335 66753 0.594814
335 67666 0.60294944
335 67446 0.6009891
335 65665 0.5851192
335 65933 0.58750725
335 66069 0.58871907
335 66448 0.5920962
335 66097 0.5889686
335 67088 0.59779906
335 65809 0.5864023
335 67310 0.5997772
335 65698 0.5854132
335 66342 0.5911517
335 65609 0.5846202
335 66435 0.5919804
335 65923 0.58741814
335 65527 0.5838895
335 66161 0.5895389
335 67224 0.59901094
335 66912 0.5962308
335 66097 0.5889686
335 67098 0.5978882
335 65469 0.5833727
335 67197 0.5987703
335 65462 0.5833103
335 67165 0.5984852
335 66273 0.5905369
335 65799 0.5863132
335 67612 0.60246825
335 67785 0.6040098
335 67072 0.5976565
335 66938 0.5964625
335 68285 0.60846514
335 66637 0.59378034
335 66004 0.5881399
335 65647 0.5849588
335 65914 0.5873379
335 67183 0.59864557

Size : 340
340 68881 0.5958564
340 69774 0.6035813
340 67844 0.5868858
340 67277 0.58198094
340 68662 0.59396195
340 69671 0.60269034
340 69140 0.5980969
340 69178 0.5984256
340 68894 0.59596884
340 69110 0.5978374
340 69741 0.60329586
340 68108 0.58916956
340 68821 0.5953374
340 68855 0.5956315
340 68109 0.5891782
340 69065 0.5974481
340 68373 0.59146196
340 69236 0.5989273
340 68202 0.5899827
340 70032 0.60581315
340 68600 0.59342563
340 68424 0.5919031
340 68370 0.59143597
340 67581 0.5846107
340 67640 0.5851211
340 68156 0.58958477
340 67441 0.58339965
340 68560 0.59307957
340 68872 0.5957785
340 69086 0.5976298
340 67732 0.58591694
340 68359 0.59134084
340 68361 0.5913581
340 66261 0.57319206
340 68380 0.5915225
340 68097 0.5890744
340 67285 0.58205014
340 67508 0.58397925
340 68434 0.59198964
340 68310 0.59091693
340 68532 0.5928374
340 69933 0.60495675
340 67880 0.58719724
340 68580 0.5932526
340 68778 0.5949654
340 69583 0.60192907
340 69530 0.6014706
340 68147 0.5895069
340 67198 0.5812976
340 68509 0.59263843

Size : 345
345 71464 0.60041165
345 68695 0.57714766
345 69701 0.58559966
345 69226 0.5816089
345 70603 0.5931779
345 70469 0.5920521
345 71167 0.5979164
345 69926 0.58749
345 69865 0.58697754
345 70795 0.594791
345 70516 0.592447
345 71021 0.59668976
345 70355 0.5910943
345 71124 0.59755516
345 71498 0.60069734
345 70347 0.5910271
345 70224 0.5899937
345 71575 0.6013442
345 69967 0.5878345
345 70654 0.5936064
345 70248 0.59019536
345 69125 0.58076036
345 70808 0.59490025
345 71287 0.5989246
345 72327 0.60766226
345 68973 0.57948333
345 71539 0.6010418
345 69562 0.5844318
345 69640 0.5850872
345 69653 0.5851964
345 70279 0.5904558
345 69664 0.5852888
345 71394 0.5998236
345 70935 0.59596723
345 69408 0.583138
345 70844 0.5952027
345 70383 0.5913296
345 70374 0.59125394
345 69576 0.5845495
345 69407 0.5831296
345 70390 0.59138834
345 71001 0.59652174
345 69695 0.58554924
345 72135 0.6060491
345 69160 0.5810544
345 71266 0.59874815
345 70560 0.59281665
345 70340 0.5909683
345 71208 0.5982609
345 70339 0.5909599

Size : 350
350 73349 0.59876734
350 71551 0.5840898
350 73163 0.597249
350 73513 0.6001061
350 72325 0.59040815
350 73334 0.5986449
350 69550 0.5677551
350 72334 0.59048164
350 72403 0.5910449
350 71818 0.5862694
350 71973 0.58753467
350 73470 0.5997551
350 72600 0.59265304
350 73661 0.6013143
350 72252 0.5898122
350 74026 0.6042939
350 71902 0.58695513
350 73783 0.6023102
350 71387 0.58275104
350 71935 0.5872245
350 72590 0.59257144
350 72077 0.5883837
350 72042 0.58809793
350 72835 0.5945714
350 72020 0.58791834
350 73742 0.6019755
350 73839 0.60276735
350 72219 0.58954287
350 72444 0.5913796
350 73216 0.59768164
350 69678 0.5688
350 73287 0.59826124
350 72247 0.58977145
350 71550 0.58408165
350 72111 0.58866125
350 72294 0.5901551
350 72399 0.59101224
350 72192 0.58932245
350 72162 0.58907753
350 72188 0.5892898
350 73173 0.59733063
350 71518 0.5838204
350 72801 0.5942939
350 72226 0.5896
350 75056 0.612702
350 72894 0.5950531
350 72276 0.59000814
350 72154 0.58901227
350 71473 0.58345306
350 73542 0.60034287

Size : 355
355 74982 0.5949772
355 73905 0.58643126
355 75401 0.59830195
355 74952 0.59473914
355 74435 0.5906368
355 76079 0.6036818
355 73930 0.5866296
355 75545 0.59944457
355 74092 0.5879151
355 73562 0.5837096
355 74922 0.5945011
355 74652 0.59235865
355 74471 0.5909224
355 74764 0.59324735
355 74737 0.59303313
355 74744 0.5930887
355 74590 0.5918667
355 74577 0.59176356
355 73726 0.5850109
355 73069 0.5797977
355 76571 0.6075858
355 74417 0.590494
355 74749 0.5931283
355 74683 0.59260464
355 76158 0.60430866
355 75932 0.6025154
355 74879 0.5941599
355 74806 0.59358066
355 73972 0.5869629
355 74619 0.5920968
355 74754 0.593168
355 75514 0.5991986
355 74750 0.5931363
355 73353 0.58205116
355 73422 0.5825987
355 74619 0.5920968
355 74427 0.5905733
355 75829 0.6016981
355 74523 0.59133506
355 74761 0.5932236
355 74054 0.5876136
355 73389 0.58233684
355 74016 0.58731204
355 75095 0.59587383
355 73612 0.5841063
355 76575 0.60761756
355 75775 0.6012696
355 73958 0.58685184
355 74287 0.5894624
355 75661 0.600365

Size : 360
360 78381 0.60479164
360 74984 0.57858026
360 77031 0.594375
360 76223 0.5881404
360 76391 0.5894367
360 75339 0.58131945
360 76278 0.5885648
360 77521 0.59815586
360 76608 0.5911111
360 75564 0.58305556
360 75812 0.58496916
360 76613 0.5911497
360 76198 0.58794755
360 76802 0.59260803
360 77994 0.60180557
360 78040 0.6021605
360 77597 0.5987423
360 76201 0.5879707
360 76539 0.5905787
360 77005 0.5941744
360 76992 0.5940741
360 76832 0.5928395
360 76145 0.5875386
360 76257 0.58840275
360 77527 0.59820217
360 78262 0.60387343
360 77936 0.601358
360 76494 0.5902315
360 77373 0.5970139
360 76267 0.58847994
360 77130 0.5951389
360 75498 0.5825463
360 76604 0.59108025
360 76491 0.59020835
360 77881 0.6009337
360 77095 0.59486884
360 75701 0.58411264
360 76948 0.59373456
360 76023 0.5865972
360 77628 0.5989815
360 77212 0.5957716
360 76329 0.5889583
360 75903 0.5856713
360 76347 0.5890972
360 77242 0.5960031
360 77212 0.5957716
360 76219 0.58810955
360 77111 0.5949923
360 75722 0.5842747
360 77096 0.5948765

Size : 365
365 79200 0.594483
365 79102 0.59374744
365 76713 0.5758154
365 77686 0.5831188
365 78828 0.5916907
365 78498 0.5892137
365 77498 0.58170766
365 79725 0.5984237
365 78501 0.58923626
365 79657 0.5979133
365 77372 0.58076185
365 79700 0.5982361
365 78132 0.5864665
365 78953 0.592629
365 79092 0.59367234
365 79477 0.5965622
365 78079 0.5860687
365 79091 0.5936648
365 79376 0.5958041
365 79551 0.59711766
365 79010 0.59305686
365 79604 0.59751546
365 77572 0.5822631
365 79841 0.5992944
365 78674 0.5905348
365 78429 0.5886958
365 79128 0.5939426
365 79138 0.5940176
365 79844 0.59931695
365 79382 0.59584916
365 78224 0.5871571
365 79010 0.59305686
365 79133 0.59398013
365 79058 0.59341717
365 79217 0.59461063
365 79033 0.5932295
365 78454 0.58888346
365 79019 0.5931244
365 77935 0.5849878
365 80626 0.6051867
365 79569 0.5972528
365 78334 0.5879827
365 78484 0.58910865
365 80300 0.60273975
365 78613 0.5900769
365 78750 0.5911053
365 80386 0.60338527
365 78604 0.5900094
365 78756 0.5911503
365 79125 0.59392005

Size : 370
370 82077 0.5995398
370 80854 0.5906063
370 81767 0.5972754
370 82213 0.60053325
370 81422 0.5947553
370 80405 0.5873265
370 81730 0.5970051
370 80677 0.5893134
370 80277 0.5863915
370 82257 0.60085464
370 81568 0.59582174
370 81576 0.5958802
370 82278 0.60100806
370 81651 0.59642804
370 80276 0.58638424
370 80157 0.58551496
370 81814 0.5976187
370 80707 0.5895325
370 81225 0.5933163
370 81720 0.59693205
370 80187 0.5857341
370 81114 0.59250546
370 82321 0.6013221
370 80306 0.58660334
370 82214 0.6005405
370 81313 0.5939591
370 81094 0.59235936
370 79844 0.58322865
370 81625 0.59623814
370 80527 0.5882177
370 82328 0.60137326
370 82816 0.6049379
370 81358 0.5942878
370 81015 0.59178233
370 81403 0.59461653
370 80162 0.5855515
370 81370 0.59437543
370 81812 0.5976041
370 81125 0.5925858
370 81003 0.59169465
370 82260 0.60087657
370 82277 0.6010007
370 81168 0.5928999
370 80804 0.5902411
370 80282 0.58642805
370 79686 0.5820745
370 79309 0.57932067
370 81776 0.5973411
370 80494 0.58797663
370 80534 0.5882688

Size : 375
375 83491 0.59371376
375 84512 0.6009742
375 83685 0.5950933
375 83248 0.59198576
375 82770 0.5885867
375 83440 0.5933511
375 83274 0.59217066
375 83058 0.59063464
375 83929 0.59682846
375 81871 0.5821938
375 82684 0.5879751
375 82079 0.5836729
375 82665 0.58784
375 82149 0.58417064
375 83930 0.59683555
375 83569 0.59426844
375 82788 0.58871466
375 84170 0.5985422
375 82725 0.5882667
375 82401 0.58596265
375 81992 0.58305424
375 82912 0.58959645
375 82023 0.58327466
375 82446 0.5862827
375 85739 0.60969955
375 82901 0.58951825
375 82815 0.58890665
375 83262 0.59208536
375 83877 0.5964587
375 83956 0.59702045
375 84594 0.6015573
375 84974 0.60425955
375 84143 0.5983502
375 82665 0.58784
375 82747 0.58842313
375 82180 0.5843911
375 82889 0.5894329
375 83796 0.59588265
375 82057 0.5835164
375 85001 0.60445154
375 83488 0.5936924
375 83361 0.59278935
375 82118 0.5839502
375 84282 0.59933865
375 84073 0.59785247
375 81868 0.58217245
375 83777 0.59574753
375 83544 0.59409064
375 83346 0.59268266
375 83470 0.59356445

Size : 380
380 85940 0.5951524
380 85274 0.5905402
380 85546 0.5924238
380 86976 0.60232687
380 86545 0.5993421
380 85256 0.59041554
380 85322 0.5908726
380 85709 0.59355265
380 85031 0.58885735
380 86567 0.59949446
380 85153 0.5897022
380 85035 0.58888507
380 86503 0.59905124
380 87161 0.603608
380 85129 0.589536
380 87259 0.60428673
380 84206 0.58314407
380 85447 0.5917382
380 87062 0.60292244
380 86947 0.60212606
380 85834 0.5944183
380 84684 0.5864543
380 85131 0.58954984
380 85314 0.59081715
380 84853 0.58762467
380 86299 0.5976385
380 86350 0.5979917
380 85926 0.5950554
380 87349 0.60490996
380 86701 0.60042244
380 85108 0.5893906
380 87617 0.6067659
380 86483 0.5989127
380 85068 0.5891136
380 85157 0.5897299
380 85020 0.5887812
380 86374 0.5981579
380 85597 0.592777
380 84324 0.58396125
380 84914 0.5880471
380 85740 0.5937673
380 83908 0.5810803
380 85846 0.5945014
380 84807 0.5873061
380 85608 0.5928532
380 86097 0.5962396
380 85121 0.58948064
380 85130 0.5895429
380 85252 0.5903878
380 84770 0.58704984

Size : 385
385 87096 0.5875932
385 88543 0.59735537
385 88087 0.594279
385 87316 0.5890774
385 89790 0.60576826
385 88170 0.5948389
385 87247 0.5886119
385 88666 0.5981852
385 87235 0.58853096
385 88127 0.5945488
385 88616 0.5978479
385 86592 0.58419293
385 87477 0.5901636
385 87780 0.5922078
385 86846 0.58590657
385 87107 0.5876674
385 87761 0.5920796
385 87890 0.5929499
385 86799 0.58558947
385 88480 0.5969303
385 87846 0.59265304
385 87307 0.5890167
385 88472 0.5968764
385 89821 0.6059774
385 88350 0.5960533
385 88911 0.5998381
385 88579 0.59759825
385 88203 0.59506154
385 88583 0.59762526
385 87751 0.59201217
385 87254 0.5886591
385 88712 0.59849554
385 86968 0.58672965
385 88414 0.5964851
385 88396 0.59636366
385 87902 0.59303087
385 87008 0.5869995
385 87687 0.5915804
385 88731 0.5986237
385 88586 0.59764546
385 86914 0.58636534
385 86156 0.5812515
385 87989 0.5936178
385 88396 0.59636366
385 90196 0.60850734
385 88101 0.5943734
385 89898 0.6064969
385 89310 0.60252994
385 89609 0.60454714
385 87959 0.59341544

Size : 390
390 91247 0.59991455
390 91475 0.60141355
390 90842 0.59725183
390 89444 0.5880605
390 89349 0.5874359
390 91160 0.5993425
390 89366 0.58754766
390 90416 0.594451
390 90798 0.5969625
390 91237 0.5998488
390 89926 0.59122944
390 90295 0.59365547
390 90644 0.59595
390 89927 0.59123605
390 88530 0.5820513
390 88028 0.57875085
390 88884 0.5843787
390 89153 0.58614725
390 91635 0.6024655
390 90496 0.59497696
390 90258 0.5934122
390 90182 0.59291255
390 90809 0.5970349
390 88651 0.5828468
390 89314 0.58720577
390 89975 0.5915516
390 90080 0.59224194
390 90283 0.5935766
390 91371 0.60072976
390 91551 0.6019132
390 91611 0.6023077
390 91113 0.59903353
390 89154 0.58615386
390 90357 0.5940631
390 91059 0.5986785
390 89143 0.5860815
390 89005 0.5851742
390 89925 0.5912229
390 88944 0.5847732
390 91214 0.5996976
390 89834 0.5906246
390 90367 0.59412885
390 90051 0.59205127
390 90595 0.5956279
390 91155 0.5993097
390 90201 0.5930375
390 90924 0.59779096
390 90231 0.5932347
390 89820 0.59053254
390 89259 0.5868442

Size : 395
395 91193 0.5844768
395 93336 0.5982118
395 92497 0.5928345
395 93952 0.6021599
395 92344 0.59185386
395 90917 0.5827079
395 91093 0.5838359
395 92490 0.5927896
395 93888 0.6017497
395 91613 0.5871687
395 92516 0.59295624
395 91303 0.58518183
395 92433 0.5924243
395 92968 0.5958532
395 93605 0.5999359
395 92578 0.5933536
395 92223 0.59107834
395 92687 0.59405226
395 91345 0.58545107
395 92684 0.594033
395 94032 0.60267264
395 93098 0.5966864
395 91990 0.589585
395 90502 0.5800481
395 93431 0.5988207
395 92402 0.5922256
395 92982 0.595943
395 92971 0.59587246
395 93979 0.60233295
395 92124 0.59044385
395 93528 0.5994424
395 92792 0.5947252
395 92991 0.5960006
395 91665 0.587502
395 91168 0.5843166
395 93027 0.5962314
395 92654 0.5938407
395 92799 0.5947701
395 91817 0.5884762
395 93306 0.59801954
395 91626 0.587252
395 91781 0.58824545
395 93063 0.59646213
395 93637 0.600141
395 92163 0.5906938
395 91027 0.5834129
395 93197 0.5973209
395 93279 0.5978465
395 92885 0.59532124
395 92232 0.59113604

Size : 400
400 95704 0.59815
400 94809 0.59255624
400 94249 0.58905625
400 94442 0.5902625
400 94523 0.59076875
400 95038 0.5939875
400 95243 0.5952687
400 95030 0.5939375
400 95717 0.59823126
400 96074 0.6004625
400 92386 0.5774125
400 94793 0.5924562
400 93564 0.584775
400 94093 0.58808124
400 94961 0.5935063
400 94318 0.5894875
400 94632 0.59145
400 94853 0.59283125
400 94909 0.59318125
400 97224 0.60765
400 94108 0.588175
400 94288 0.5893
400 96638 0.6039875
400 94217 0.5888562
400 97058 0.6066125
400 94242 0.5890125
400 96108 0.600675
400 93333 0.5833312
400 94291 0.58931875
400 93926 0.5870375
400 94197 0.5887312
400 96623 0.60389376
400 95710 0.5981875
400 96265 0.60165626
400 94903 0.59314376
400 95437 0.59648126
400 95817 0.5988563
400 92147 0.57591873
400 95349 0.59593123
400 95827 0.59891874
400 95799 0.59874374
400 95504 0.5969
400 95919 0.59949374
400 92919 0.58074373
400 93322 0.5832625
400 95663 0.5978938
400 93894 0.5868375
400 95642 0.5977625
400 93641 0.5852563
400 96363 0.60226876

Size : 405
405 98068 0.5978845
405 95306 0.58104557
405 95272 0.58083826
405 95853 0.58438045
405 96541 0.5885749
405 97611 0.5950983
405 97819 0.5963664
405 95731 0.58363664
405 98602 0.6011401
405 97824 0.59639686
405 97506 0.59445816
405 95647 0.5831245
405 96429 0.5878921
405 97826 0.5964091
405 96859 0.59051365
405 95700 0.58344764
405 97802 0.59626275
405 99445 0.60627955
405 98854 0.6026764
405 96843 0.5904161
405 96922 0.59089774
405 96890 0.59070265
405 95746 0.5837281
405 98313 0.59937817
405 98754 0.60206676
405 96954 0.5910928
405 96741 0.5897942
405 96860 0.5905197
405 96447 0.58800185
405 98271 0.5991221
405 97478 0.59428746
405 97600 0.59503126
405 96143 0.58614844
405 95687 0.58336836
405 97974 0.5973114
405 97220 0.59271455
405 97966 0.5972626
405 97932 0.5970553
405 96674 0.58938575
405 97213 0.5926719
405 97409 0.59386677
405 99503 0.6066331
405 97164 0.59237313
405 98848 0.60263985
405 96361 0.5874775
405 96427 0.5878799
405 96452 0.5880323
405 98141 0.59832954
405 97669 0.5954519
405 96745 0.5898186

Size : 410
410 100770 0.5994646
410 99361 0.5910827
410 99111 0.5895955
410 100423 0.59740037
410 99684 0.59300417
410 99586 0.5924212
410 98979 0.5888102
410 100718 0.59915525
410 98689 0.58708507
410 99025 0.58908385
410 98595 0.58652586
410 100816 0.59973824
410 99778 0.5935634
410 101052 0.60114217
410 99614 0.59258777
410 101336 0.60283166
410 98939 0.58857226
410 100018 0.5949911
410 99424 0.5914575
410 100372 0.597097
410 101549 0.60409874
410 99648 0.59279
410 98912 0.5884117
410 99705 0.5931291
410 100148 0.5957644
410 98868 0.5881499
410 98128 0.58374774
410 99415 0.5914039
410 100524 0.5980012
410 99220 0.5902439
410 100125 0.5956276
410 101288 0.6025461
410 100669 0.5988638
410 100278 0.59653777
410 100219 0.5961868
410 99374 0.59116
410 100407 0.5973052
410 99574 0.59234977
410 100423 0.59740037
410 98895 0.58831054
410 100145 0.5957466
410 100085 0.59538966
410 100049 0.5951755
410 99604 0.5925283
410 99561 0.59227246
410 97662 0.5809756
410 98042 0.58323616
410 99596 0.59248066
410 100148 0.5957644
410 99372 0.59114814

Size : 415
415 101705 0.59053564
415 103078 0.59850776
415 101816 0.59118015
415 100704 0.5847235
415 100920 0.5859777
415 101538 0.589566
415 102424 0.5947104
415 102569 0.5955523
415 102085 0.592742
415 102389 0.59450716
415 102725 0.59645814
415 101715 0.5905937
415 102061 0.59260267
415 101732 0.5906924
415 102598 0.5957207
415 103140 0.5988678
415 103566 0.60134125
415 102210 0.59346783
415 102049 0.59253305
415 100971 0.5862738
415 101979 0.5921266
415 102356 0.5943156
415 103138 0.59885615
415 102004 0.59227175
415 100076 0.5810771
415 103582 0.6014342
415 100300 0.58237773
415 101621 0.5900479
415 101387 0.5886892
415 102706 0.5963478
415 101911 0.5917317
415 101942 0.59191173
415 101245 0.5878647
415 102230 0.593584
415 100878 0.5857338
415 102036 0.59245753
415 102300 0.59399045
415 102184 0.59331685
415 103175 0.59907097
415 101858 0.591424
415 102931 0.5976542
415 102001 0.59225434
415 101710 0.59056467
415 102807 0.59693426
415 103155 0.59895486
415 101244 0.5878589
415 102300 0.59399045
415 103480 0.60084194
415 104253 0.6053302
415 101509 0.5893976

Size : 420
420 103247 0.58530045
420 106406 0.6032086
420 105523 0.59820294
420 105224 0.5965079
420 105396 0.597483
420 106081 0.6013662
420 104876 0.5945352
420 103111 0.58452946
420 104215 0.590788
420 105668 0.59902495
420 104318 0.5913719
420 106660 0.60464853
420 106625 0.6044501
420 103638 0.587517
420 105015 0.59532315
420 104103 0.59015304
420 106139 0.601695
420 104234 0.5908957
420 106203 0.6020578
420 106190 0.60198414
420 105370 0.5973356
420 105348 0.5972109
420 104628 0.5931293
420 103662 0.58765304
420 104590 0.5929138
420 104009 0.5896202
420 105857 0.60009634
420 103835 0.5886338
420 106033 0.6010941
420 104529 0.59256804
420 102746 0.58246034
420 104007 0.58960885
420 104158 0.59046483
420 104303 0.59128684
420 103924 0.5891383
420 105296 0.5969161
420 105743 0.5994501
420 104538 0.59261906
420 103004 0.5839229
420 104681 0.5934297
420 103546 0.5869955
420 104360 0.59160995
420 106086 0.60139453
420 103827 0.5885884
420 104772 0.59394556
420 106020 0.6010204
420 104910 0.5947279
420 104118 0.5902381
420 105219 0.5964796
420 104266 0.5910771

Size : 425
425 105468 0.5839059
425 107434 0.59479034
425 106465 0.5894256
425 108239 0.59924704
425 106527 0.5897689
425 109145 0.60426295
425 108721 0.6019156
425 108669 0.6016277
425 107010 0.5924429
425 107088 0.59287477
425 107537 0.5953606
425 106709 0.59077644
425 106967 0.59220487
425 108713 0.60187125
425 105629 0.5847972
425 106572 0.590018
425 107732 0.59644014
425 105802 0.585755
425 105798 0.5857329
425 106200 0.58795846
425 106959 0.5921606
425 106064 0.5872055
425 106274 0.5883682
425 107549 0.595427
425 106483 0.5895253
425 106152 0.58769274
425 107210 0.59355015
425 107212 0.59356123
425 107189 0.5934339
425 106536 0.58981866
425 105905 0.5863253
425 108145 0.59872663
425 106317 0.58860624
425 107162 0.5932844
425 108981 0.603355
425 106551 0.58990175
425 106017 0.58694535
425 106973 0.59223807
425 107734 0.5964512
425 106785 0.59119725
425 105088 0.58180207
425 106480 0.58950865
425 105413 0.58360136
425 108287 0.5995128
425 106786 0.5912028
425 107015 0.5924706
425 107233 0.5936775
425 109084 0.6039253
425 107383 0.59450793
425 107234 0.59368306

Size : 430
430 109649 0.5930179
430 109734 0.59347755
430 110483 0.5975284
430 108856 0.588729
430 110624 0.598291
430 111154 0.60115737
430 109131 0.59021634
430 108867 0.5887885
430 109292 0.5910871
430 109826 0.5939751
430 109838 0.59404004
430 108269 0.58555436
430 109028 0.5896593
430 109766 0.59365064
430 106850 0.5778799
430 110595 0.5981341
430 108915 0.58904815
430 110173 0.59585184
430 108600 0.5873445
430 109643 0.5929854
430 107774 0.5828772
430 109754 0.5935857
430 110756 0.59900486
430 109384 0.5915846
430 110786 0.5991671
430 110312 0.5966036
430 109272 0.5909789
430 110524 0.5977501
430 108510 0.58685774
430 108535 0.586993
430 108746 0.5881341
430 109468 0.5920389
430 110662 0.5984965
430 112162 0.606609
430 109765 0.5936452
430 109168 0.59041643
430 110119 0.5955598
430 108871 0.58881015
430 109545 0.5924554
430 108651 0.5876203
430 108291 0.58567333
430 109586 0.5926771
430 109516 0.59229857
430 109359 0.59144944
430 108385 0.5861817
430 111180 0.601298
430 109859 0.5941536
430 108709 0.587934
430 111331 0.6021147
430 109363 0.5914711

Size : 435
435 111645 0.5900119
435 112156 0.5927124
435 112958 0.5969507
435 113422 0.59940284
435 112282 0.59337825
435 112804 0.59613687
435 112077 0.5922949
435 113601 0.6003488
435 112477 0.59440875
435 110667 0.58484346
435 112288 0.59340996
435 112126 0.59255385
435 112184 0.59286034
435 112502 0.5945409
435 111537 0.5894411
435 111759 0.5906143
435 112037 0.5920835
435 111851 0.5911005
435 111503 0.5892615
435 110451 0.58370197
435 113735 0.60105693
435 112719 0.5956877
435 113424 0.5994134
435 113330 0.59891665
435 111970 0.5917294
435 110986 0.58652925
435 113038 0.5973735
435 111021 0.5867142
435 111956 0.59165543
435 111708 0.59034485
435 112440 0.59421325
435 112940 0.5968556
435 112969 0.5970088
435 111874 0.5912221
435 112375 0.59386975
435 110395 0.583406
435 110863 0.58587927
435 112180 0.59283924
435 113256 0.5985256
435 113101 0.59770644
435 112751 0.5958568
435 111915 0.5914388
435 111067 0.58695734
435 111972 0.59174
435 113063 0.5975056
435 110872 0.58592683
435 110907 0.5861118
435 113562 0.60014266
435 111821 0.590942
435 111690 0.5902497

Size : 440
440 114973 0.5938688
440 113765 0.58762914
440 114368 0.5907438
440 113910 0.5883781
440 113658 0.5870764
440 115226 0.5951756
440 115742 0.5978409
440 115330 0.5957128
440 111850 0.5777376
440 115371 0.5959246
440 115659 0.59741217
440 117146 0.605093
440 114344 0.59061986
440 115595 0.5970816
440 114165 0.5896953
440 115347 0.59580064
440 113669 0.5871333
440 117076 0.6047314
440 114925 0.5936209
440 113833 0.5879804
440 114332 0.5905579
440 114514 0.59149796
440 116895 0.6037965
440 115734 0.5977996
440 116398 0.6012293
440 112575 0.5814824
440 116186 0.6001343
440 115822 0.59825414
440 114199 0.58987087
440 114613 0.5920093
440 116056 0.5994628
440 115903 0.5986725
440 115228 0.59518594
440 114356 0.5906818
440 113933 0.5884969
440 113407 0.58577996
440 114844 0.5932025
440 114359 0.5906973
440 114870 0.59333676
440 114697 0.59244317
440 115931 0.59881717
440 115189 0.59498453
440 113791 0.5877634
440 115480 0.5964876
440 113536 0.5864463
440 113547 0.5865031
440 115984 0.59909093
440 112689 0.5820713
440 114916 0.5935744
440 116061 0.5994886

Size : 445
445 117419 0.5929504
445 116952 0.5905921
445 118476 0.5982881
445 118587 0.59884864
445 117944 0.59560156
445 117435 0.59303117
445 117889 0.5953238
445 116356 0.58758235
445 117073 0.59120315
445 118042 0.59609646
445 117273 0.5922131
445 117163 0.59165764
445 117634 0.5940361
445 117571 0.593718
445 117671 0.59422296
445 116318 0.5873905
445 117698 0.5943593
445 117948 0.59562176
445 119068 0.6012776
445 117226 0.59197575
445 115369 0.58259815
445 116217 0.58688045
445 118678 0.5993082
445 116686 0.58924884
445 116570 0.58866304
445 116097 0.58627445
445 116309 0.587345
445 119174 0.6018129
445 116062 0.5860977
445 118032 0.596046
445 115695 0.58424443
445 116569 0.588658
445 115602 0.5837748
445 117076 0.5912183
445 118813 0.5999899
445 116838 0.5900164
445 117518 0.5934503
445 119030 0.6010857
445 119468 0.6032976
445 117854 0.5951471
445 117178 0.5917334
445 117590 0.5938139
445 117678 0.5942583
445 117020 0.59093547
445 116156 0.5865724
445 117193 0.5918091
445 115088 0.58117914
445 117880 0.5952784
445 116984 0.5907537
445 116440 0.58800656

Size : 450
450 120449 0.5948099
450 120862 0.5968494
450 119110 0.5881975
450 122382 0.6043556
450 120796 0.59652346
450 118989 0.5876
450 121037 0.5977136
450 120220 0.593679
450 118778 0.58655804
450 118974 0.5875259
450 119052 0.5879111
450 120686 0.5959802
450 119649 0.59085923
450 117778 0.58161974
450 120395 0.5945432
450 119177 0.5885284
450 120275 0.5939506
450 119052 0.5879111
450 119585 0.5905432
450 122227 0.60359013
450 120402 0.5945778
450 120719 0.5961432
450 119340 0.58933336
450 118770 0.5865185
450 119944 0.59231603
450 120727 0.5961827
450 120379 0.5944642
450 120278 0.5939654
450 118048 0.5829531
450 119189 0.58858764
450 121977 0.60235554
450 118565 0.5855062
450 120192 0.5935407
450 120696 0.59602964
450 119782 0.5915161
450 119518 0.59021235
450 119785 0.59153086
450 120244 0.5937975
450 121388 0.5994469
450 120954 0.5973037
450 120198 0.59357035
450 121146 0.5982519
450 120194 0.5935506
450 120409 0.59461236
450 121048 0.5977679
450 119710 0.5911605
450 120313 0.59413826
450 119261 0.5889432
450 120284 0.59399503
450 120418 0.59465677

Size : 455
455 121754 0.58811253
455 121126 0.5850791
455 124653 0.6021157
455 122241 0.5904649
455 123784 0.59791815
455 124986 0.6037242
455 123647 0.59725636
455 122615 0.59227145
455 122907 0.59368193
455 121985 0.58922833
455 123326 0.5957058
455 122089 0.5897307
455 122278 0.59064364
455 123200 0.5950972
455 122102 0.5897935
455 122940 0.5938413
455 123641 0.5972274
455 123100 0.59461415
455 123515 0.5966188
455 123351 0.59582657
455 121139 0.5851419
455 123846 0.5982176
455 121854 0.58859557
455 121043 0.5846782
455 122680 0.59258544
455 122671 0.592542
455 123137 0.5947929
455 121711 0.5879049
455 123230 0.59524214
455 122778 0.5930588
455 121331 0.5860693
455 122835 0.59333414
455 122390 0.5911846
455 122446 0.59145516
455 122757 0.5929574
455 125211 0.604811
455 121512 0.5869436
455 124818 0.60291266
455 122834 0.5933293
455 123584 0.5969521
455 121786 0.5882671
455 121586 0.5873011
455 122220 0.5903635
455 121727 0.5879821
455 123943 0.59868616
455 123805 0.59801954
455 123846 0.5982176
455 122483 0.59163386
455 121158 0.5852337
455 122441 0.59143096

Size : 460
460 124833 0.589948
460 125537 0.59327507
460 126056 0.5957278
460 126811 0.59929585
460 125664 0.5938752
460 126088 0.595879
460 126617 0.598379
460 124786 0.5897259
460 127227 0.6012618
460 126537 0.59800094
460 125509 0.59314275
460 125452 0.59287333
460 124264 0.587259
460 125463 0.5929253
460 125888 0.5949338
460 124159 0.5867628
460 124366 0.587741
460 125876 0.5948771
460 124866 0.590104
460 124756 0.5895841
460 124407 0.5879348
460 125742 0.5942439
460 124849 0.59002364
460 123453 0.5834263
460 125207 0.5917155
460 126769 0.5990974
460 124999 0.5907325
460 125495 0.5930766
460 125281 0.5920652
460 125574 0.5934499
460 126866 0.5995558
460 126883 0.5996361
460 125236 0.59185255
460 124125 0.5866021
460 125655 0.59383273
460 126238 0.5965879
460 125826 0.59464085
460 123594 0.5840926
460 124624 0.5889603
460 126878 0.5996125
460 124531 0.58852077
460 126342 0.5970794
460 127149 0.6008932
460 123461 0.5834641
460 123284 0.5826276
460 122429 0.57858694
460 127078 0.6005577
460 126959 0.59999526
460 126659 0.5985775
460 124967 0.5905813

Size : 465
465 127204 0.5882946
465 129047 0.59681815
465 128273 0.59323853
465 127490 0.5896173
465 129451 0.5986866
465 127919 0.5916013
465 127279 0.58864146
465 128515 0.5943577
465 128635 0.5949127
465 128703 0.5952272
465 128760 0.5954908
465 129154 0.597313
465 126647 0.5857186
465 127811 0.5911019
465 125605 0.58089954
465 129658 0.5996439
465 128831 0.5958192
465 127634 0.5902833
465 129182 0.5974425
465 127912 0.59156895
465 126621 0.58559835
465 127268 0.58859056
465 125699 0.58133423
465 125360 0.57976645
465 127383 0.5891224
465 127369 0.5890577
465 131040 0.60603535
465 129130 0.597202
465 128443 0.5940247
465 128611 0.5948017
465 126618 0.58558446
465 129415 0.59852004
465 128085 0.5923691
465 129036 0.59676725
465 130546 0.6037507
465 129216 0.59759974
465 129539 0.59909356
465 128126 0.5925587
465 128277 0.593257
465 126651 0.5857371
465 126263 0.58394265
465 127352 0.58897907
465 126965 0.58718926
465 127038 0.58752686
465 126433 0.5847289
465 129141 0.59725285
465 128268 0.5932154
465 126239 0.58383167
465 129848 0.6005226
465 128713 0.59527344

Size : 470
470 133852 0.6059393
470 132157 0.5982662
470 130961 0.592852
470 130180 0.5893164
470 131879 0.5970077
470 132190 0.59841555
470 131089 0.5934314
470 129168 0.58473516
470 130977 0.5929244
470 130072 0.58882755
470 129573 0.5865686
470 133007 0.6021141
470 130614 0.5912811
470 130598 0.5912087
470 130424 0.590421
470 131057 0.5932866
470 132246 0.59866905
470 130158 0.5892168
470 132281 0.59882754
470 131935 0.5972612
470 131054 0.593273
470 129760 0.5874151
470 131236 0.5940969
470 132125 0.59812135
470 130121 0.58904934
470 132110 0.5980534
470 132669 0.600584
470 132161 0.5982843
470 132366 0.5992123
470 130847 0.5923359
470 130528 0.5908918
470 130943 0.59277046
470 131206 0.59396106
470 130925 0.592689
470 130528 0.5908918
470 131417 0.5949162
470 132584 0.60019916
470 132158 0.5982707
470 132037 0.59772295
470 132113 0.598067
470 131009 0.59306926
470 128889 0.58347213
470 130255 0.58965594
470 130870 0.59244
470 132207 0.5984925
470 129033 0.584124
470 132058 0.597818
470 131601 0.5957492
470 129823 0.5877003
470 131002 0.59303755

Size : 475
475 133652 0.5923634
475 135783 0.6018083
475 133611 0.59218174
475 134932 0.5980366
475 135210 0.5992687
475 132783 0.5885119
475 132969 0.5893363
475 135370 0.59997785
475 133120 0.5900055
475 135775 0.60177284
475 132320 0.5864598
475 134589 0.5965164
475 135132 0.59892297
475 132425 0.5869252
475 136191 0.6036166
475 135068 0.5986393
475 133017 0.589549
475 134761 0.59727865
475 134516 0.5961928
475 134844 0.59764653
475 133198 0.5903512
475 132939 0.5892033
475 136303 0.60411304
475 132401 0.5868188
475 135021 0.59843105
475 133069 0.5897795
475 131926 0.5847136
475 133911 0.59351134
475 134068 0.5942072
475 132717 0.5882194
475 133340 0.5909806
475 133054 0.58971304
475 134235 0.5949474
475 133276 0.59069693
475 133639 0.59230584
475 134472 0.5959978
475 133360 0.5910693
475 133688 0.592523
475 134884 0.5978238
475 134073 0.59422934
475 134094 0.59432244
475 134593 0.5965341
475 134900 0.5978947
475 133743 0.59276676
475 132372 0.5866903
475 134298 0.5952266
475 134662 0.5968399
475 133643 0.59232354
475 134334 0.59538615
475 133118 0.5899967

Size : 480
480 136415 0.592079
480 136717 0.59338975
480 136299 0.5915755
480 136722 0.59341145
480 139229 0.6042925
480 134887 0.5854471
480 136103 0.5907248
480 136738 0.5934809
480 137685 0.59759116
480 135108 0.58640623
480 136739 0.59348524
480 136230 0.59127605
480 137905 0.598546
480 135440 0.58784723
480 137932 0.5986632
480 138026 0.5990712
480 136614 0.5929427
480 137607 0.5972526
480 137969 0.5988238
480 138474 0.6010156
480 138651 0.6017839
480 136090 0.5906684
480 135479 0.5880165
480 137406 0.59638023
480 135363 0.587513
480 137923 0.5986241
480 138754 0.6022309
480 136825 0.5938585
480 137490 0.5967448
480 136801 0.59375435
480 137419 0.5964366
480 134409 0.5833724
480 137557 0.5970356
480 138081 0.5993099
480 138285 0.6001953
480 136201 0.59115016
480 135068 0.58623266
480 136133 0.59085506
480 137533 0.5969314
480 136807 0.5937804
480 137696 0.5976389
480 135636 0.5886979
480 136653 0.593112
480 137197 0.5954731
480 134792 0.5850347
480 135740 0.5891493
480 136803 0.593763
480 135943 0.5900304
480 136345 0.5917752
480 137099 0.5950478

Size : 485
485 139111 0.5913955
485 137459 0.5843724
485 139674 0.5937889
485 140050 0.5953874
485 139038 0.59108514
485 139557 0.5932915
485 139129 0.59147197
485 139619 0.5935551
485 140168 0.59588903
485 140464 0.5971474
485 137859 0.5860729
485 136708 0.58117974
485 139803 0.59433734
485 140868 0.5988649
485 139968 0.5950388
485 138092 0.58706343
485 138870 0.5903709
485 140413 0.5969306
485 141683 0.6023297
485 141356 0.6009395
485 139562 0.5933128
485 139341 0.59237325
485 139949 0.594958
485 138200 0.58752257
485 139758 0.594146
485 140220 0.5961101
485 140582 0.59764904
485 136493 0.5802657
485 138287 0.5878925
485 139981 0.5950941
485 138511 0.5888447
485 138546 0.5889935
485 138269 0.58781594
485 139939 0.5949155
485 139700 0.5938994
485 138854 0.5903029
485 138621 0.5893124
485 140192 0.5959911
485 139974 0.5950643
485 140619 0.59780633
485 138591 0.5891848
485 137250 0.5834839
485 137612 0.58502287
485 138412 0.58842385
485 138926 0.590609
485 139285 0.5921352
485 138321 0.588037
485 140897 0.5989882
485 140973 0.5993113
485 138154 0.587327

Size : 490
490 143671 0.59837985
490 143580 0.5980008
490 143197 0.5964057
490 142204 0.5922699
490 140697 0.58599335
490 141661 0.5900083
490 141375 0.5888172
490 141316 0.5885714
490 142469 0.5933736
490 142958 0.5954102
490 142905 0.5951895
490 142599 0.59391505
490 142915 0.5952312
490 142078 0.5917451
490 142440 0.59325284
490 140153 0.5837276
490 139503 0.5810204
490 142926 0.59527695
490 142563 0.5937651
490 140555 0.5854019
490 142407 0.5931154
490 142822 0.5948438
490 144318 0.6010746
490 141231 0.58821744
490 142436 0.59323615
490 141783 0.59051645
490 141471 0.589217
490 143212 0.59646815
490 144794 0.6030571
490 142589 0.5938734
490 142857 0.5949896
490 144211 0.6006289
490 144480 0.60174924
490 140784 0.5863557
490 144380 0.6013328
490 139497 0.58099544
490 140545 0.5853603
490 141785 0.5905248
490 140227 0.5840358
490 142333 0.5928072
490 144616 0.6023157
490 143525 0.59777176
490 142578 0.59382755
490 142945 0.5953561
490 140984 0.58718866
490 142149 0.59204084
490 143586 0.5980258
490 142947 0.59536445
490 141817 0.59065807
490 142019 0.5914994

Size : 495
495 144004 0.58771145
495 145255 0.59281707
495 143739 0.5866299
495 146004 0.5958739
495 145018 0.5918498
495 145948 0.59564537
495 147850 0.6034078
495 146939 0.59968984
495 144408 0.5893603
495 146906 0.59955513
495 145756 0.59486175
495 144848 0.591156
495 147083 0.60027754
495 145059 0.5920171
495 146226 0.59677994
495 145878 0.5953597
495 144031 0.58782166
495 144779 0.5908744
495 145098 0.5921763
495 145353 0.593217
495 145176 0.59249467
495 146155 0.59649014
495 146069 0.5961392
495 144775 0.5908581
495 147781 0.6031262
495 145060 0.5920212
495 146172 0.5965595
495 147744 0.6029752
495 144591 0.59010714
495 146799 0.5991185
495 144364 0.5891807
495 145980 0.59577596
495 145581 0.59414756
495 145106 0.592209
495 146009 0.5958943
495 144175 0.58840936
495 144562 0.58998877
495 143541 0.58582187
495 145502 0.5938251
495 145394 0.5933843
495 146591 0.5982696
495 146688 0.5986654
495 143038 0.583769
495 147436 0.6017182
495 145661 0.594474
495 146416 0.59755534
495 144485 0.58967453
495 146050 0.59606165
495 146882 0.5994572
495 147041 0.6001061

Size : 500
500 148168 0.592672
500 148116 0.592464
500 149094 0.596376
500 147520 0.59008
500 149148 0.596592
500 146949 0.587796
500 146864 0.587456
500 148331 0.593324
500 145077 0.580308
500 148159 0.592636
500 146920 0.58768
500 148208 0.592832
500 149212 0.596848
500 148855 0.59542
500 148489 0.593956
500 146833 0.587332
500 150031 0.600124
500 148893 0.595572
500 148042 0.592168
500 146841 0.587364
500 149784 0.599136
500 147180 0.58872
500 149752 0.599008
500 148769 0.595076
500 146163 0.584652
500 149317 0.597268
500 149135 0.59654
500 145911 0.583644
500 148439 0.593756
500 147092 0.588368
500 148933 0.595732
500 146503 0.586012
500 150821 0.603284
500 147871 0.591484
500 147352 0.589408
500 149075 0.5963
500 151608 0.606432
500 149282 0.597128
500 146265 0.58506
500 147108 0.588432
500 148591 0.594364
500 147117 0.588468
500 149815 0.59926
500 146391 0.585564
500 147464 0.589856
500 147880 0.59152
500 147611 0.590444
500 148099 0.592396
500 148875 0.5955
500 146477 0.585908
