Runs: 100
Size : 50
50 1453 0.5812
50 1508 0.6032
50 1520 0.608
50 1434 0.5736
50 1507 0.6028
50 1459 0.5836
50 1497 0.5988
50 1335 0.534
50 1443 0.5772
50 1511 0.6044
50 1445 0.578
50 1469 0.5876
50 1552 0.6208
50 1341 0.5364
50 1573 0.6292
50 1495 0.598
50 1407 0.5628
50 1545 0.618
50 1462 0.5848
50 1499 0.5996
50 1446 0.5784
50 1523 0.6092
50 1448 0.5792
50 1562 0.6248
50 1387 0.5548
50 1511 0.6044
50 1423 0.5692
50 1474 0.5896
50 1406 0.5624
50 1487 0.5948
50 1359 0.5436
50 1514 0.6056
50 1400 0.56
50 1539 0.6156
50 1482 0.5928
50 1462 0.5848
50 1396 0.5584
50 1469 0.5876
50 1529 0.6116
50 1410 0.564
50 1413 0.5652
50 1483 0.5932
50 1415 0.566
50 1563 0.6252
50 1492 0.5968
50 1619 0.6476
50 1430 0.572
50 1436 0.5744
50 1368 0.5472
50 1644 0.6576
50 1566 0.6264
50 1461 0.5844
50 1571 0.6284
50 1474 0.5896
50 1540 0.616
50 1489 0.5956
50 1379 0.5516
50 1297 0.5188
50 1497 0.5988
50 1509 0.6036
50 1376 0.5504
50 1481 0.5924
50 1528 0.6112
50 1516 0.6064
50 1503 0.6012
50 1392 0.5568
50 1421 0.5684
50 1433 0.5732
50 1577 0.6308
50 1517 0.6068
50 1509 0.6036
50 1466 0.5864
50 1512 0.6048
50 1466 0.5864
50 1483 0.5932
50 1490 0.596
50 1332 0.5328
50 1560 0.624
50 1434 0.5736
50 1523 0.6092
50 1531 0.6124
50 1496 0.5984
50 1402 0.5608
50 1443 0.5772
50 1389 0.5556
50 1504 0.6016
50 1456 0.5824
50 1462 0.5848
50 1474 0.5896
50 1637 0.6548
50 1533 0.6132
50 1547 0.6188
50 1520 0.608
50 1429 0.5716
50 1488 0.5952
50 1433 0.5732
50 1551 0.6204
50 1318 0.5272
50 1420 0.568
50 1502 0.6008

Size : 60
60 2190 0.60833335
60 2205 0.6125
60 2178 0.605
60 2183 0.60638887
60 2119 0.5886111
60 2202 0.6116667
60 2032 0.5644444
60 2112 0.58666664
60 1935 0.5375
60 2083 0.57861114
60 2227 0.6186111
60 2211 0.6141667
60 2121 0.58916664
60 2156 0.5988889
60 2210 0.61388886
60 2187 0.6075
60 2154 0.59833336
60 2315 0.64305556
60 1940 0.5388889
60 2122 0.58944446
60 2168 0.6022222
60 2119 0.5886111
60 2088 0.58
60 2083 0.57861114
60 2123 0.5897222
60 2114 0.5872222
60 2148 0.5966667
60 2033 0.56472224
60 2080 0.5777778
60 2174 0.60388887
60 2053 0.57027775
60 2285 0.63472223
60 2122 0.58944446
60 2189 0.60805553
60 2045 0.56805557
60 2232 0.62
60 2127 0.5908333
60 2132 0.5922222
60 2174 0.60388887
60 2138 0.5938889
60 2174 0.60388887
60 2227 0.6186111
60 2166 0.6016667
60 2222 0.61722225
60 2222 0.61722225
60 2192 0.60888886
60 2125 0.5902778
60 2244 0.62333333
60 2145 0.59583336
60 2244 0.62333333
60 2172 0.60333335
60 2045 0.56805557
60 2009 0.5580556
60 2072 0.57555556
60 2162 0.60055554
60 1993 0.5536111
60 2096 0.5822222
60 2158 0.59944445
60 2214 0.615
60 2086 0.57944447
60 2095 0.58194447
60 2090 0.58055556
60 2110 0.5861111
60 2016 0.56
60 2036 0.5655556
60 2169 0.6025
60 2058 0.57166666
60 2227 0.6186111
60 2098 0.5827778
60 2175 0.6041667
60 2199 0.61083335
60 2043 0.5675
60 2145 0.59583336
60 2247 0.62416667
60 2011 0.5586111
60 2012 0.5588889
60 2081 0.57805556
60 2041 0.5669444
60 2022 0.56166667
60 2260 0.62777776
60 2255 0.6263889
60 2317 0.64361113
60 2220 0.6166667
60 2136 0.5933333
60 2190 0.60833335
60 1999 0.55527776
60 2246 0.6238889
60 2174 0.60388887
60 2044 0.56777775
60 2220 0.6166667
60 2048 0.5688889
60 2201 0.61138886
60 2157 0.5991667
60 2046 0.5683333
60 2217 0.61583334
60 2080 0.5777778
60 2203 0.61194444
60 1942 0.53944445
60 2171 0.60305554
60 2203 0.61194444

Size : 70
70 2921 0.59612244
70 2863 0.58428574
70 2864 0.5844898
70 2984 0.6089796
70 2796 0.57061225
70 2928 0.59755105
70 2828 0.57714283
70 2814 0.5742857
70 2999 0.6120408
70 3036 0.61959183
70 2889 0.58959186
70 2842 0.58
70 2866 0.58489794
70 2826 0.5767347
70 2778 0.56693876
70 2945 0.6010204
70 2881 0.5879592
70 2865 0.58469385
70 2836 0.5787755
70 2804 0.5722449
70 2824 0.57632655
70 2895 0.5908163
70 2873 0.58632654
70 2854 0.58244896
70 2781 0.567551
70 2864 0.5844898
70 2958 0.60367346
70 2955 0.6030612
70 3106 0.6338776
70 2874 0.5865306
70 2851 0.58183676
70 2901 0.59204084
70 2860 0.5836735
70 2967 0.6055102
70 2726 0.5563265
70 2912 0.5942857
70 2668 0.5444898
70 3077 0.6279592
70 2996 0.61142856
70 2890 0.58979595
70 2757 0.56265306
70 3020 0.6163265
70 2989 0.61
70 2755 0.5622449
70 2888 0.5893878
70 2998 0.61183673
70 2712 0.55346936
70 2783 0.5679592
70 2865 0.58469385
70 2905 0.5928571
70 3142 0.6412245
70 2767 0.56469387
70 3025 0.61734694
70 2902 0.5922449
70 2902 0.5922449
70 3031 0.6185714
70 2810 0.5734694
70 2956 0.6032653
70 2922 0.59632653
70 2947 0.60142857
70 2981 0.6083673
70 3009 0.6140816
70 2866 0.58489794
70 2830 0.577551
70 2924 0.5967347
70 2910 0.59387755
70 2998 0.61183673
70 2985 0.60918367
70 3040 0.6204082
70 3024 0.61714286
70 3005 0.61326534
70 2812 0.5738776
70 2966 0.60530615
70 2884 0.5885714
70 2838 0.5791837
70 2978 0.6077551
70 2904 0.59265304
70 2805 0.57244897
70 2839 0.5793878
70 2886 0.5889796
70 2783 0.5679592
70 2941 0.6002041
70 2862 0.58408165
70 2844 0.58040816
70 2897 0.5912245
70 2801 0.5716326
70 2695 0.55
70 2974 0.6069388
70 3035 0.61938775
70 2854 0.58244896
70 2741 0.55938774
70 2852 0.5820408
70 2860 0.5836735
70 2762 0.5636735
70 2872 0.58612245
70 3008 0.61387753
70 2961 0.6042857
70 2871 0.58591837
70 2780 0.56734693
70 2742 0.5595918

Size : 80
80 3785 0.5914062
80 3791 0.59234375
80 3807 0.59484375
80 3783 0.5910938
80 4074 0.6365625
80 3558 0.5559375
80 3979 0.62171876
80 3826 0.5978125
80 3786 0.5915625
80 3702 0.5784375
80 3930 0.6140625
80 4010 0.6265625
80 3893 0.60828125
80 3907 0.61046875
80 3776 0.59
80 3774 0.5896875
80 3719 0.5810937
80 3779 0.59046876
80 3968 0.62
80 3689 0.57640624
80 3742 0.5846875
80 3717 0.5807812
80 3748 0.585625
80 3686 0.5759375
80 3707 0.57921875
80 3668 0.573125
80 3842 0.6003125
80 3804 0.594375
80 4013 0.62703127
80 3816 0.59625
80 3802 0.5940625
80 3893 0.60828125
80 3604 0.563125
80 3898 0.6090625
80 3664 0.5725
80 4036 0.630625
80 3583 0.5598438
80 3814 0.5959375
80 3777 0.59015626
80 3796 0.593125
80 3837 0.59953123
80 3686 0.5759375
80 3956 0.618125
80 3788 0.591875
80 3655 0.57109374
80 3778 0.5903125
80 3905 0.61015624
80 3794 0.5928125
80 3894 0.6084375
80 3751 0.5860937
80 4131 0.6454688
80 3798 0.5934375
80 3816 0.59625
80 3710 0.5796875
80 3825 0.59765625
80 3636 0.568125
80 3701 0.5782812
80 3767 0.5885937
80 3956 0.618125
80 3670 0.5734375
80 3766 0.5884375
80 3663 0.57234377
80 3702 0.5784375
80 4190 0.6546875
80 4194 0.6553125
80 3959 0.61859375
80 3926 0.6134375
80 3867 0.6042187
80 3762 0.5878125
80 4011 0.62671876
80 3902 0.6096875
80 3771 0.58921874
80 3636 0.568125
80 3755 0.58671874
80 3726 0.5821875
80 3653 0.57078123
80 3813 0.59578127
80 3707 0.57921875
80 3635 0.5679687
80 3805 0.59453124
80 3730 0.5828125
80 3747 0.58546877
80 3896 0.60875
80 3703 0.57859373
80 3670 0.5734375
80 3734 0.5834375
80 3838 0.5996875
80 3720 0.58125
80 3787 0.59171873
80 3780 0.590625
80 4005 0.62578124
80 3660 0.571875
80 3727 0.58234376
80 3667 0.5729687
80 3885 0.6070312
80 3925 0.61328125
80 3961 0.61890626
80 3937 0.61515623
80 3972 0.620625
80 3844 0.600625

Size : 90
90 4856 0.5995062
90 4753 0.58679014
90 4816 0.5945679
90 4883 0.6028395
90 4632 0.57185185
90 4685 0.57839507
90 4827 0.5959259
90 4726 0.5834568
90 5026 0.6204938
90 4754 0.5869136
90 4751 0.5865432
90 4909 0.60604936
90 4603 0.5682716
90 4672 0.5767901
90 4634 0.5720988
90 4844 0.59802467
90 4275 0.5277778
90 5011 0.618642
90 4872 0.6014815
90 4959 0.6122222
90 4743 0.58555555
90 4879 0.6023457
90 4621 0.5704938
90 4504 0.5560494
90 4712 0.5817284
90 4575 0.5648148
90 4937 0.6095062
90 4963 0.6127161
90 4954 0.6116049
90 4777 0.5897531
90 4797 0.5922222
90 4673 0.5769136
90 4876 0.6019753
90 4655 0.57469136
90 4745 0.5858025
90 4803 0.592963
90 4594 0.5671605
90 4740 0.58518517
90 4644 0.5733333
90 4799 0.59246916
90 4431 0.54703707
90 4917 0.607037
90 5009 0.6183951
90 5037 0.62185186
90 4816 0.5945679
90 4800 0.5925926
90 4690 0.57901233
90 4686 0.5785185
90 4666 0.5760494
90 4740 0.58518517
90 5026 0.6204938
90 4911 0.6062963
90 4829 0.59617287
90 4795 0.59197533
90 4630 0.57160497
90 4753 0.58679014
90 4628 0.571358
90 4720 0.58271605
90 4495 0.55493826
90 4695 0.5796296
90 4745 0.5858025
90 4703 0.5806173
90 4695 0.5796296
90 4915 0.6067901
90 4840 0.59753084
90 4934 0.6091358
90 5004 0.61777776
90 4656 0.5748148
90 5094 0.6288889
90 4899 0.6048148
90 4770 0.5888889
90 4807 0.5934568
90 4634 0.5720988
90 4848 0.5985185
90 4622 0.57061726
90 4911 0.6062963
90 4859 0.5998765
90 4921 0.6075309
90 4782 0.59037036
90 4616 0.56987655
90 4810 0.5938272
90 4910 0.60617286
90 4783 0.5904938
90 4994 0.61654323
90 4514 0.55728394
90 4966 0.6130864
90 4778 0.58987653
90 4599 0.56777775
90 4695 0.5796296
90 4939 0.6097531
90 4737 0.5848148
90 4576 0.56493825
90 4791 0.5914815
90 4768 0.588642
90 4622 0.57061726
90 5093 0.6287654
90 4728 0.5837037
90 4825 0.595679
90 5016 0.61925924
90 4921 0.6075309

Size : 100
100 5831 0.5831
100 6272 0.6272
100 6008 0.6008
100 5935 0.5935
100 6015 0.6015
100 6294 0.6294
100 5989 0.5989
100 5652 0.5652
100 5670 0.567
100 6144 0.6144
100 5747 0.5747
100 6040 0.604
100 5615 0.5615
100 5583 0.5583
100 5750 0.575
100 6137 0.6137
100 5980 0.598
100 6204 0.6204
100 6052 0.6052
100 6105 0.6105
100 5845 0.5845
100 6161 0.6161
100 5886 0.5886
100 5896 0.5896
100 6158 0.6158
100 5894 0.5894
100 5906 0.5906
100 5853 0.5853
100 5684 0.5684
100 5939 0.5939
100 5977 0.5977
100 5821 0.5821
100 6115 0.6115
100 5705 0.5705
100 5959 0.5959
100 5908 0.5908
100 5894 0.5894
100 5780 0.578
100 5905 0.5905
100 5971 0.5971
100 5793 0.5793
100 5827 0.5827
100 6022 0.6022
100 6088 0.6088
100 6070 0.607
100 5738 0.5738
100 5869 0.5869
100 6212 0.6212
100 5894 0.5894
100 5559 0.5559
100 5616 0.5616
100 5771 0.5771
100 6104 0.6104
100 6051 0.6051
100 5899 0.5899
100 5825 0.5825
100 5948 0.5948
100 6017 0.6017
100 6022 0.6022
100 5975 0.5975
100 5747 0.5747
100 5964 0.5964
100 6074 0.6074
100 6059 0.6059
100 5842 0.5842
100 6057 0.6057
100 5851 0.5851
100 5625 0.5625
100 5802 0.5802
100 5876 0.5876
100 6103 0.6103
100 5885 0.5885
100 5836 0.5836
100 6080 0.608
100 6148 0.6148
100 5967 0.5967
100 6009 0.6009
100 5893 0.5893
100 5797 0.5797
100 5795 0.5795
100 5929 0.5929
100 5940 0.594
100 5947 0.5947
100 5935 0.5935
100 5896 0.5896
100 6212 0.6212
100 6120 0.612
100 6070 0.607
100 5681 0.5681
100 5750 0.575
100 5819 0.5819
100 5855 0.5855
100 5949 0.5949
100 5700 0.57
100 6127 0.6127
100 6017 0.6017
100 5657 0.5657
100 5896 0.5896
100 5941 0.5941
100 5888 0.5888

Size : 110
110 7013 0.5795868
110 7370 0.6090909
110 7117 0.5881818
110 7094 0.586281
110 6985 0.5772727
110 7227 0.59727275
110 6760 0.5586777
110 7170 0.59256196
110 6947 0.5741322
110 6948 0.5742149
110 7104 0.5871074
110 7097 0.5865289
110 6818 0.5634711
110 7114 0.5879339
110 7381 0.61
110 7261 0.60008264
110 7247 0.5989256
110 7198 0.59487605
110 7531 0.6223967
110 7249 0.59909093
110 7221 0.59677684
110 7412 0.612562
110 7545 0.6235537
110 7411 0.6124793
110 7081 0.5852066
110 7002 0.5786777
110 7107 0.5873554
110 7321 0.6050413
110 7067 0.5840496
110 7103 0.5870248
110 7158 0.59157026
110 7204 0.5953719
110 7018 0.58
110 7080 0.58512396
110 6784 0.56066114
110 7136 0.5897521
110 6831 0.56454545
110 7115 0.5880165
110 7019 0.58008265
110 7090 0.58595043
110 7619 0.6296694
110 7133 0.5895041
110 7183 0.59363633
110 7345 0.6070248
110 7024 0.5804959
110 7382 0.6100826
110 7033 0.58123964
110 7196 0.59471077
110 6839 0.5652066
110 7307 0.6038843
110 7080 0.58512396
110 7325 0.6053719
110 7429 0.61396694
110 7411 0.6124793
110 6821 0.56371903
110 7425 0.6136364
110 7192 0.59438014
110 6957 0.5749587
110 7078 0.5849587
110 7076 0.5847934
110 7007 0.5790909
110 7289 0.60239667
110 7011 0.57942146
110 7278 0.6014876
110 7236 0.5980165
110 7086 0.5856198
110 7112 0.5877686
110 7125 0.588843
110 7135 0.5896694
110 7244 0.5986777
110 7308 0.60396695
110 7221 0.59677684
110 7175 0.5929752
110 6840 0.56528926
110 7029 0.5809091
110 7410 0.6123967
110 7336 0.606281
110 7167 0.59231406
110 6697 0.5534711
110 6917 0.5716529
110 7209 0.59578514
110 7410 0.6123967
110 7014 0.5796694
110 7670 0.6338843
110 7122 0.58859503
110 7016 0.5798347
110 7098 0.58661157
110 7091 0.58603305
110 6901 0.57033056
110 7290 0.60247934
110 7137 0.5898347
110 7159 0.59165287
110 7101 0.5868595
110 7197 0.5947934
110 7424 0.6135537
110 7153 0.591157
110 7015 0.5797521
110 6951 0.57446283
110 7202 0.5952066
110 7396 0.6112397

Size : 120
120 8341 0.5792361
120 8684 0.60305554
120 8920 0.61944443
120 8665 0.6017361
120 8478 0.58875
120 8173 0.56756943
120 8689 0.6034028
120 8506 0.5906944
120 8408 0.5838889
120 7919 0.5499306
120 8703 0.604375
120 8260 0.57361114
120 8311 0.5771528
120 8528 0.5922222
120 8432 0.58555555
120 8487 0.589375
120 8365 0.58090276
120 8476 0.5886111
120 8554 0.59402776
120 8443 0.58631945
120 8703 0.604375
120 8416 0.58444446
120 8476 0.5886111
120 8514 0.59125
120 8581 0.5959028
120 8309 0.5770139
120 8816 0.6122222
120 8742 0.6070833
120 8490 0.58958334
120 8373 0.58145833
120 8267 0.5740972
120 8536 0.5927778
120 8533 0.5925695
120 8438 0.58597225
120 8370 0.58125
120 8675 0.6024306
120 8439 0.5860417
120 8578 0.5956944
120 8714 0.6051389
120 8383 0.5821528
120 8331 0.5785417
120 8559 0.594375
120 8395 0.5829861
120 8868 0.61583334
120 8468 0.58805555
120 8781 0.6097917
120 8464 0.5877778
120 8413 0.5842361
120 8312 0.5772222
120 8533 0.5925695
120 8534 0.5926389
120 8042 0.5584722
120 8615 0.59826386
120 8597 0.5970139
120 8469 0.588125
120 8485 0.58923614
120 8302 0.5765278
120 8745 0.60729164
120 8478 0.58875
120 8573 0.5953472
120 8858 0.6151389
120 9320 0.6472222
120 8651 0.6007639
120 8304 0.57666665
120 8658 0.60125
120 8473 0.58840275
120 8484 0.58916664
120 8453 0.5870139
120 8568 0.595
120 8514 0.59125
120 8352 0.58
120 8776 0.60944444
120 8460 0.5875
120 8306 0.57680553
120 8468 0.58805555
120 8413 0.5842361
120 8568 0.595
120 8765 0.60868055
120 8429 0.58534724
120 8541 0.593125
120 8696 0.60388887
120 8490 0.58958334
120 8253 0.573125
120 8632 0.59944445
120 8904 0.61833334
120 8682 0.60291666
120 8600 0.5972222
120 8198 0.56930554
120 8477 0.58868057
120 8669 0.6020139
120 8620 0.5986111
120 8538 0.59291667
120 8205 0.5697917
120 8399 0.5832639
120 8443 0.58631945
120 8533 0.5925695
120 8494 0.5898611
120 8672 0.6022222
120 8925 0.6197917
120 8351 0.57993054

Size : 130
130 9893 0.5853846
130 9869 0.5839645
130 9897 0.5856213
130 10060 0.5952663
130 10416 0.61633134
130 10269 0.6076331
130 10144 0.6002367
130 10013 0.5924852
130 9899 0.5857397
130 10174 0.60201186
130 9980 0.59053254
130 9920 0.58698225
130 9797 0.57970417
130 10147 0.6004142
130 10240 0.60591716
130 9997 0.5915385
130 10024 0.5931361
130 9970 0.58994085
130 9817 0.58088756
130 10285 0.6085799
130 10290 0.60887575
130 10485 0.6204142
130 10154 0.6008284
130 9838 0.5821302
130 10228 0.6052071
130 10194 0.60319525
130 9651 0.57106507
130 9659 0.57153845
130 9984 0.59076923
130 10294 0.60911244
130 10076 0.59621304
130 10132 0.59952664
130 10765 0.63698226
130 10060 0.5952663
130 10253 0.6066864
130 10146 0.600355
130 10250 0.60650885
130 10687 0.63236684
130 10002 0.5918343
130 10016 0.59266275
130 9618 0.5691124
130 10292 0.60899407
130 10144 0.6002367
130 10196 0.6033136
130 9557 0.56550294
130 9976 0.59029585
130 9764 0.57775146
130 9837 0.582071
130 10065 0.5955621
130 10037 0.5939053
130 10143 0.6001775
130 9908 0.5862722
130 9701 0.57402366
130 9850 0.58284026
130 10033 0.59366864
130 10294 0.60911244
130 10007 0.5921302
130 9849 0.5827811
130 10030 0.59349114
130 10217 0.6045562
130 10042 0.5942012
130 10205 0.60384613
130 10003 0.5918935
130 9825 0.58136094
130 10016 0.59266275
130 9765 0.57781065
130 10009 0.5922485
130 9995 0.5914201
130 9920 0.58698225
130 9853 0.58301777
130 9713 0.57473373
130 9895 0.585503
130 9665 0.5718935
130 10050 0.5946745
130 10013 0.5924852
130 10159 0.6011243
130 9997 0.5915385
130 10531 0.6231361
130 9869 0.5839645
130 10017 0.5927219
130 10013 0.5924852
130 9872 0.584142
130 9925 0.5872781
130 10010 0.5923077
130 9905 0.5860947
130 9929 0.5875148
130 10182 0.6024852
130 10132 0.59952664
130 9538 0.5643787
130 9971 0.59
130 10286 0.60863906
130 9954 0.5889941
130 10038 0.5939645
130 9950 0.5887574
130 10058 0.5951479
130 9996 0.5914793
130 9300 0.5502958
130 9975 0.59023666
130 10450 0.6183432
130 10027 0.59331363

Size : 140
140 11416 0.58244896
140 11908 0.60755104
140 11949 0.60964286
140 11636 0.59367347
140 11609 0.59229594
140 11827 0.60341835
140 11595 0.59158164
140 11771 0.6005612
140 11484 0.58591837
140 11758 0.599898
140 11849 0.6045408
140 11425 0.58290815
140 11795 0.6017857
140 11884 0.6063265
140 11630 0.59336734
140 11776 0.6008163
140 11371 0.58015305
140 11694 0.59663266
140 11533 0.58841836
140 11878 0.6060204
140 11500 0.5867347
140 11491 0.5862755
140 11976 0.6110204
140 11897 0.6069898
140 11536 0.5885714
140 11820 0.6030612
140 11705 0.5971939
140 11541 0.58882654
140 11798 0.6019388
140 12047 0.61464286
140 10981 0.5602551
140 11794 0.6017347
140 11717 0.5978061
140 11475 0.5854592
140 11509 0.5871939
140 11657 0.5947449
140 11746 0.5992857
140 11715 0.59770405
140 11561 0.5898469
140 11592 0.5914286
140 11567 0.59015304
140 11377 0.5804592
140 10840 0.55306125
140 12041 0.6143367
140 11722 0.5980612
140 11451 0.5842347
140 11516 0.587551
140 11324 0.5777551
140 11579 0.5907653
140 11685 0.59617347
140 11645 0.59413266
140 11770 0.6005102
140 11992 0.61183673
140 11299 0.5764796
140 11961 0.6102551
140 11581 0.59086734
140 11595 0.59158164
140 12201 0.6225
140 11670 0.59540814
140 11654 0.59459186
140 11199 0.5713776
140 11996 0.6120408
140 11878 0.6060204
140 11303 0.5766837
140 11499 0.5866837
140 11712 0.59755105
140 11801 0.60209185
140 11303 0.5766837
140 11181 0.5704592
140 11736 0.5987755
140 11835 0.6038265
140 11532 0.58836734
140 11393 0.5812755
140 11725 0.59821427
140 11362 0.57969385
140 12248 0.62489796
140 11307 0.5768877
140 11728 0.59836733
140 11643 0.5940306
140 11772 0.6006122
140 12036 0.6140816
140 11548 0.5891837
140 11748 0.59938776
140 11677 0.5957653
140 11426 0.5829592
140 11632 0.5934694
140 11390 0.58112246
140 11746 0.5992857
140 11843 0.6042347
140 11939 0.60913265
140 11638 0.5937755
140 12047 0.61464286
140 11316 0.5773469
140 11709 0.597398
140 11832 0.60367346
140 11738 0.59887755
140 11813 0.6027041
140 11761 0.60005105
140 11437 0.5835204
140 11631 0.59341836

Size : 150
150 13052 0.5800889
150 13324 0.59217775
150 13216 0.5873778
150 13205 0.5868889
150 13456 0.59804446
150 13388 0.5950222
150 13978 0.62124443
150 13458 0.5981333
150 13693 0.6085778
150 13662 0.6072
150 13482 0.5992
150 13434 0.59706664
150 13096 0.5820444
150 12991 0.5773778
150 13425 0.5966667
150 13093 0.5819111
150 13255 0.5891111
150 13430 0.5968889
150 13430 0.5968889
150 13054 0.5801778
150 13522 0.6009778
150 13440 0.5973333
150 13098 0.58213335
150 13413 0.59613335
150 13360 0.5937778
150 12665 0.56288886
150 13362 0.59386665
150 13093 0.5819111
150 13692 0.6085333
150 13124 0.5832889
150 13143 0.5841333
150 13095 0.582
150 13004 0.57795554
150 13326 0.5922667
150 13332 0.59253335
150 12956 0.57582223
150 13533 0.60146666
150 13530 0.6013333
150 13725 0.61
150 13181 0.5858222
150 13316 0.5918222
150 13115 0.5828889
150 13135 0.5837778
150 13134 0.5837333
150 13049 0.5799556
150 13331 0.5924889
150 13529 0.6012889
150 13396 0.5953778
150 13715 0.60955554
150 13020 0.5786667
150 13313 0.5916889
150 13363 0.5939111
150 13364 0.5939556
150 13152 0.58453333
150 13958 0.62035555
150 13725 0.61
150 13400 0.59555554
150 13795 0.61311114
150 13372 0.5943111
150 13366 0.59404445
150 13547 0.60208887
150 13122 0.5832
150 12945 0.57533336
150 13231 0.58804446
150 13336 0.5927111
150 13348 0.59324443
150 13155 0.58466667
150 13602 0.6045333
150 13265 0.58955556
150 12721 0.5653778
150 13330 0.5924444
150 13443 0.59746665
150 13751 0.61115557
150 13099 0.58217776
150 13372 0.5943111
150 13320 0.592
150 13833 0.6148
150 13238 0.58835554
150 13018 0.57857776
150 13146 0.58426666
150 12837 0.57053334
150 13091 0.5818222
150 13465 0.59844446
150 13510 0.60044444
150 13015 0.5784444
150 13327 0.5923111
150 12717 0.5652
150 13603 0.6045778
150 13520 0.6008889
150 13613 0.60502225
150 12996 0.5776
150 12992 0.5774222
150 13100 0.5822222
150 13043 0.5796889
150 13631 0.6058222
150 13259 0.5892889
150 13270 0.58977777
150 13131 0.5836
150 13157 0.58475554
150 13655 0.6068889

Size : 160
160 15220 0.59453124
160 15169 0.5925391
160 14984 0.5853125
160 15073 0.58878905
160 15535 0.60683596
160 15399 0.60152346
160 14866 0.58070314
160 15303 0.59777343
160 15209 0.59410155
160 15199 0.59371096
160 15139 0.5913672
160 15106 0.5900781
160 15353 0.59972656
160 15402 0.60164064
160 15234 0.5950781
160 15151 0.5918359
160 14792 0.5778125
160 14912 0.5825
160 14761 0.57660156
160 14717 0.5748828
160 15240 0.5953125
160 15067 0.5885547
160 15008 0.58625
160 14895 0.5818359
160 15334 0.59898436
160 15057 0.5881641
160 14729 0.57535154
160 15272 0.5965625
160 15572 0.60828125
160 15336 0.5990625
160 15258 0.59601563
160 15280 0.596875
160 15225 0.59472656
160 15151 0.5918359
160 15687 0.6127734
160 15329 0.59878904
160 15482 0.60476565
160 15432 0.6028125
160 14981 0.5851953
160 15290 0.5972656
160 15214 0.5942969
160 14956 0.58421874
160 14737 0.57566404
160 15177 0.5928516
160 15095 0.5896484
160 15183 0.59308594
160 15224 0.5946875
160 15480 0.6046875
160 15241 0.5953516
160 15380 0.60078126
160 15307 0.5979297
160 14882 0.58132815
160 14827 0.5791797
160 15399 0.60152346
160 15436 0.60296875
160 14865 0.58066404
160 15000 0.5859375
160 15556 0.60765624
160 15248 0.595625
160 15243 0.59542966
160 14889 0.58160156
160 15344 0.599375
160 15602 0.60945314
160 14696 0.5740625
160 15063 0.58839846
160 14982 0.5852344
160 15454 0.60367185
160 14993 0.58566403
160 15747 0.6151172
160 15072 0.58875
160 15036 0.58734375
160 15147 0.5916797
160 15281 0.59691405
160 15684 0.61265624
160 15418 0.6022656
160 15258 0.59601563
160 14650 0.5722656
160 15020 0.58671874
160 15366 0.6002344
160 14786 0.5775781
160 15006 0.58617187
160 14843 0.57980466
160 15177 0.5928516
160 15268 0.5964062
160 15231 0.5949609
160 15006 0.58617187
160 15613 0.60988283
160 15255 0.59589845
160 15255 0.59589845
160 14698 0.5741406
160 15400 0.6015625
160 15039 0.58746094
160 14936 0.5834375
160 15248 0.595625
160 14700 0.57421875
160 15286 0.5971094
160 15268 0.5964062
160 15249 0.5956641
160 15251 0.59574217
160 15083 0.5891797

Size : 170
170 17404 0.6022145
170 16940 0.58615917
170 17220 0.5958477
170 16839 0.5826644
170 17361 0.60072666
170 16620 0.57508653
170 17467 0.60439444
170 17391 0.6017647
170 16736 0.5791004
170 17015 0.5887543
170 16541 0.57235295
170 17386 0.6015917
170 17328 0.59958476
170 17003 0.5883391
170 16764 0.5800692
170 16882 0.5841522
170 17519 0.6061938
170 17346 0.6002076
170 16574 0.5734948
170 17547 0.60716265
170 16948 0.586436
170 17128 0.59266436
170 17103 0.5917993
170 17263 0.59733564
170 17653 0.6108304
170 17075 0.59083045
170 17307 0.5988581
170 17122 0.59245676
170 16893 0.58453286
170 17464 0.60429066
170 17520 0.60622835
170 16818 0.58193773
170 17173 0.5942215
170 16907 0.5850173
170 17307 0.5988581
170 17462 0.60422146
170 16952 0.5865744
170 16884 0.5842215
170 16942 0.5862284
170 17635 0.6102076
170 17063 0.59041524
170 17133 0.5928374
170 16928 0.58574396
170 16586 0.57391006
170 16886 0.5842907
170 17846 0.61750865
170 17754 0.6143253
170 16892 0.5844983
170 17154 0.59356403
170 17567 0.60785466
170 17170 0.59411764
170 17193 0.5949135
170 17396 0.6019377
170 17300 0.59861594
170 16569 0.5733218
170 17366 0.60089964
170 17163 0.5938754
170 16972 0.58726645
170 16814 0.5817993
170 17404 0.6022145
170 17681 0.6117993
170 16966 0.58705884
170 16918 0.5853979
170 17104 0.5918339
170 17343 0.6001038
170 17016 0.5887889
170 16794 0.58110726
170 17212 0.5955709
170 17472 0.60456747
170 17117 0.5922837
170 17389 0.6016955
170 17418 0.602699
170 17172 0.59418684
170 17243 0.5966436
170 17058 0.5902422
170 17238 0.5964706
170 17448 0.603737
170 17072 0.5907266
170 17060 0.5903114
170 16787 0.580865
170 17213 0.59560555
170 17808 0.6161938
170 17350 0.600346
170 17395 0.60190314
170 17400 0.6020761
170 16591 0.57408303
170 17659 0.6110381
170 17406 0.6022837
170 16855 0.583218
170 17376 0.6012457
170 16376 0.5666436
170 17331 0.5996886
170 16768 0.5802076
170 17580 0.6083045
170 17652 0.61079586
170 16605 0.5745675
170 17203 0.5952595
170 17550 0.6072664
170 17160 0.59377164
170 16936 0.58602077

Size : 180
180 18971 0.5855247
180 19662 0.6068519
180 19479 0.6012037
180 19252 0.5941975
180 19087 0.58910495
180 19473 0.60101855
180 19464 0.60074073
180 18676 0.5764198
180 19553 0.6034877
180 19014 0.58685184
180 19360 0.59753084
180 19412 0.5991358
180 18881 0.5827469
180 19352 0.59728396
180 19210 0.59290123
180 19042 0.58771604
180 18322 0.5654938
180 19353 0.59731483
180 19093 0.58929014
180 19248 0.5940741
180 19514 0.60228395
180 19180 0.59197533
180 19079 0.588858
180 19669 0.6070679
180 19268 0.59469134
180 19513 0.6022531
180 19084 0.5890123
180 19028 0.58728397
180 19950 0.6157407
180 19125 0.5902778
180 19420 0.5993827
180 19383 0.59824073
180 19115 0.58996916
180 18321 0.56546295
180 19048 0.58790123
180 18884 0.5828395
180 19432 0.5997531
180 19312 0.59604937
180 19704 0.60814816
180 19452 0.60037035
180 19268 0.59469134
180 19452 0.60037035
180 19946 0.6156173
180 18948 0.5848148
180 18866 0.582284
180 19327 0.5965123
180 19542 0.60314816
180 19854 0.61277777
180 19389 0.5984259
180 18640 0.5753086
180 18726 0.57796293
180 18986 0.5859876
180 18657 0.5758333
180 18937 0.5844753
180 19190 0.59228396
180 18748 0.57864195
180 19248 0.5940741
180 18992 0.5861728
180 18672 0.57629627
180 19426 0.5995679
180 19733 0.6090432
180 19238 0.59376544
180 18897 0.58324075
180 19331 0.5966358
180 18722 0.5778395
180 20098 0.62030864
180 19095 0.58935183
180 19360 0.59753084
180 18538 0.5721605
180 18770 0.57932097
180 19016 0.5869136
180 19400 0.59876543
180 19714 0.6084568
180 18894 0.5831481
180 19415 0.5992284
180 19182 0.592037
180 19683 0.6075
180 19543 0.60317904
180 19026 0.5872222
180 19215 0.59305555
180 19862 0.6130247
180 19515 0.60231483
180 18859 0.5820679
180 19165 0.5915123
180 19393 0.59854937
180 19365 0.59768516
180 19754 0.6096914
180 19242 0.5938889
180 19136 0.5906173
180 18675 0.5763889
180 19409 0.5990432
180 19044 0.5877778
180 19127 0.5903395
180 19774 0.61030865
180 19080 0.5888889
180 19365 0.59768516
180 19148 0.5909877
180 18762 0.5790741
180 19136 0.5906173
180 19491 0.60157406

Size : 190
190 21230 0.58808863
190 21084 0.58404434
190 21972 0.60864264
190 21844 0.60509694
190 21230 0.58808863
190 22096 0.61207753
190 21658 0.5999446
190 22493 0.62307477
190 21299 0.59
190 20832 0.57706374
190 21213 0.58761775
190 20956 0.58049864
190 21424 0.5934626
190 21399 0.5927701
190 20883 0.5784764
190 21615 0.59875345
190 21311 0.5903324
190 21213 0.58761775
190 21211 0.5875623
190 21352 0.59146816
190 21875 0.60595566
190 21829 0.60468143
190 21301 0.5900554
190 21394 0.5926316
190 22099 0.6121607
190 21224 0.58792245
190 22106 0.6123546
190 21462 0.59451526
190 21240 0.5883657
190 21723 0.6017451
190 21271 0.5892244
190 21296 0.5899169
190 21408 0.59301937
190 21372 0.5920222
190 21681 0.6005817
190 21276 0.58936286
190 20452 0.5665374
190 20975 0.58102494
190 21410 0.5930748
190 21797 0.603795
190 20850 0.57756233
190 21222 0.587867
190 21390 0.5925208
190 21776 0.6032133
190 21061 0.5834072
190 21138 0.5855402
190 21549 0.5969252
190 21159 0.58612186
190 21063 0.5834626
190 21458 0.59440446
190 20741 0.57454294
190 21816 0.6043213
190 22040 0.6105263
190 21090 0.5842105
190 21637 0.5993629
190 20573 0.5698892
190 21115 0.58490306
190 21363 0.59177285
190 21368 0.5919114
190 21355 0.59155124
190 20689 0.5731025
190 21947 0.60795015
190 21206 0.5874238
190 21678 0.6004986
190 21351 0.59144044
190 21370 0.59196675
190 20422 0.5657064
190 21598 0.5982826
190 21015 0.58213294
190 21298 0.5899723
190 21392 0.5925762
190 21092 0.58426595
190 20723 0.57404435
190 22084 0.6117452
190 20797 0.5760942
190 21711 0.6014127
190 21253 0.58872575
190 21518 0.5960665
190 21948 0.60797787
190 21604 0.59844875
190 21739 0.60218835
190 20835 0.5771468
190 21536 0.59656507
190 21147 0.5857895
190 21437 0.5938227
190 21442 0.59396124
190 20339 0.5634072
190 22055 0.6109418
190 21107 0.58468145
190 21499 0.59554017
190 21663 0.6000831
190 20685 0.57299167
190 21528 0.5963435
190 20840 0.5772853
190 21213 0.58761775
190 21863 0.60562325
190 21255 0.5887812
190 21705 0.60124654
190 21644 0.5995568
190 21787 0.603518

Size : 200
200 23108 0.5777
200 23759 0.593975
200 24100 0.6025
200 24810 0.62025
200 23667 0.591675
200 23561 0.589025
200 23897 0.597425
200 23599 0.589975
200 23085 0.577125
200 23452 0.5863
200 24131 0.603275
200 23678 0.59195
200 23050 0.57625
200 23446 0.58615
200 23399 0.584975
200 24024 0.6006
200 24364 0.6091
200 24170 0.60425
200 23549 0.588725
200 23532 0.5883
200 23540 0.5885
200 23520 0.588
200 24208 0.6052
200 24405 0.610125
200 23519 0.587975
200 23998 0.59995
200 23585 0.589625
200 23060 0.5765
200 23949 0.598725
200 23403 0.585075
200 24122 0.60305
200 23675 0.591875
200 23678 0.59195
200 24270 0.60675
200 24175 0.604375
200 23343 0.583575
200 23951 0.598775
200 23664 0.5916
200 23857 0.596425
200 23610 0.59025
200 23343 0.583575
200 23756 0.5939
200 23302 0.58255
200 23135 0.578375
200 23511 0.587775
200 24292 0.6073
200 23991 0.599775
200 23638 0.59095
200 23503 0.587575
200 23645 0.591125
200 23847 0.596175
200 24255 0.606375
200 23909 0.597725
200 23436 0.5859
200 23399 0.584975
200 23939 0.598475
200 23387 0.584675
200 23659 0.591475
200 23423 0.585575
200 23365 0.584125
200 22662 0.56655
200 23248 0.5812
200 23858 0.59645
200 23300 0.5825
200 24409 0.610225
200 23638 0.59095
200 24136 0.6034
200 24032 0.6008
200 24047 0.601175
200 23235 0.580875
200 23327 0.583175
200 24337 0.608425
200 23247 0.581175
200 23700 0.5925
200 23084 0.5771
200 23432 0.5858
200 23387 0.584675
200 24519 0.612975
200 23858 0.59645
200 23471 0.586775
200 23552 0.5888
200 22825 0.570625
200 23531 0.588275
200 24015 0.600375
200 23920 0.598
200 23268 0.5817
200 23514 0.58785
200 23346 0.58365
200 23604 0.5901
200 23909 0.597725
200 23715 0.592875
200 23838 0.59595
200 23386 0.58465
200 24016 0.6004
200 24163 0.604075
200 24519 0.612975
200 23485 0.587125
200 23379 0.584475
200 24350 0.60875
200 23749 0.593725

Size : 210
210 25745 0.58378685
210 25841 0.5859637
210 26289 0.59612244
210 25768 0.5843084
210 25972 0.58893424
210 25936 0.5881179
210 26431 0.5993424
210 26373 0.5980272
210 26012 0.58984125
210 25968 0.5888435
210 26429 0.59929705
210 26162 0.59324265
210 26798 0.6076644
210 26549 0.6020181
210 26460 0.6
210 25742 0.58371884
210 25888 0.58702946
210 26530 0.6015873
210 26300 0.5963719
210 27173 0.6161678
210 25858 0.5863492
210 26350 0.5975057
210 26748 0.6065306
210 25988 0.58929706
210 26924 0.61052155
210 25942 0.588254
210 26331 0.5970748
210 25813 0.5853288
210 26634 0.60394555
210 25823 0.58555555
210 25917 0.5876871
210 27060 0.61360544
210 26352 0.59755105
210 26659 0.60451245
210 26427 0.5992517
210 26193 0.59394556
210 25662 0.58190477
210 25892 0.5871202
210 27039 0.61312926
210 25978 0.5890703
210 27033 0.6129932
210 25794 0.58489794
210 26786 0.6073923
210 25290 0.5734694
210 25383 0.5755782
210 25536 0.5790476
210 26139 0.5927211
210 26605 0.603288
210 25764 0.58421767
210 26328 0.5970068
210 26381 0.5982086
210 26187 0.59380955
210 26704 0.6055329
210 26557 0.60219955
210 26070 0.5911565
210 26332 0.5970975
210 25775 0.5844671
210 25694 0.5826304
210 26007 0.5897279
210 26378 0.5981406
210 25623 0.5810204
210 26114 0.5921542
210 26309 0.596576
210 26282 0.5959637
210 26316 0.5967347
210 26576 0.6026304
210 26522 0.6014059
210 26528 0.60154194
210 26567 0.6024263
210 26481 0.6004762
210 26750 0.60657597
210 26429 0.59929705
210 25840 0.585941
210 26054 0.59079367
210 26125 0.59240365
210 26355 0.59761906
210 26519 0.60133785
210 26679 0.604966
210 25166 0.5706576
210 25969 0.58886623
210 27022 0.61274374
210 26026 0.5901587
210 25848 0.58612245
210 26337 0.5972109
210 26449 0.5997506
210 25857 0.58632654
210 26701 0.6054649
210 25954 0.58852607
210 25985 0.58922905
210 26345 0.59739226
210 26628 0.60380954
210 25837 0.585873
210 26519 0.60133785
210 26431 0.5993424
210 26187 0.59380955
210 26857 0.6090023
210 25873 0.58668935
210 26347 0.5974376
210 26082 0.5914286
210 26286 0.59605443

Size : 220
220 28607 0.5910537
220 29431 0.60807854
220 28954 0.59822315
220 29534 0.6102066
220 28953 0.59820247
220 28890 0.5969008
220 28492 0.5886777
220 28704 0.5930579
220 29169 0.6026653
220 29053 0.6002686
220 28653 0.5920041
220 28971 0.5985744
220 28159 0.58179754
220 27643 0.57113636
220 28939 0.5979132
220 28373 0.586219
220 29222 0.6037603
220 28345 0.5856405
220 28557 0.59002066
220 28458 0.5879752
220 28704 0.5930579
220 29312 0.60561985
220 28474 0.5883058
220 28845 0.59597105
220 29622 0.6120248
220 27990 0.5783058
220 29407 0.6075826
220 29332 0.6060331
220 29624 0.6120661
220 28552 0.58991736
220 27676 0.5718182
220 28877 0.59663224
220 29382 0.6070661
220 28294 0.5845868
220 28819 0.5954339
220 28709 0.59316117
220 29027 0.5997314
220 28670 0.5923554
220 28646 0.5918595
220 28886 0.5968182
220 28741 0.5938223
220 28440 0.58760333
220 29521 0.609938
220 27590 0.5700413
220 29162 0.60252064
220 28511 0.58907026
220 28819 0.5954339
220 28050 0.57954544
220 29212 0.6035537
220 27954 0.577562
220 29252 0.6043802
220 28873 0.5965496
220 28667 0.5922934
220 27464 0.567438
220 29647 0.6125413
220 28308 0.58487606
220 28670 0.5923554
220 28081 0.58018595
220 28600 0.59090906
220 28081 0.58018595
220 28511 0.58907026
220 29538 0.6102893
220 29181 0.6029132
220 29453 0.6085331
220 28724 0.59347105
220 28829 0.5956405
220 28898 0.5970661
220 28487 0.5885744
220 28688 0.59272724
220 28510 0.5890496
220 29096 0.601157
220 29048 0.6001653
220 28881 0.59671485
220 28613 0.5911777
220 28827 0.5955992
220 28782 0.5946694
220 28977 0.5986983
220 29067 0.60055786
220 29541 0.61035126
220 29008 0.5993388
220 29159 0.60245866
220 28519 0.58923554
220 28926 0.5976446
220 28655 0.5920454
220 28576 0.5904132
220 29028 0.59975207
220 28682 0.5926033
220 28631 0.5915496
220 28621 0.591343
220 29397 0.60737604
220 28888 0.5968595
220 28060 0.5797521
220 28193 0.5825
220 28710 0.5931818
220 28318 0.58508265
220 28885 0.5967975
220 28710 0.5931818
220 28736 0.593719
220 28969 0.59853303
220 28277 0.58423555

Size : 230
230 31536 0.59614366
230 30687 0.5800945
230 30975 0.58553874
230 31390 0.5933837
230 31931 0.6036106
230 31173 0.5892817
230 30539 0.5772968
230 31588 0.59712666
230 31426 0.5940643
230 31071 0.58735347
230 31595 0.597259
230 31853 0.60213614
230 31571 0.5968053
230 31529 0.59601134
230 30229 0.57143664
230 31404 0.5936484
230 31055 0.58705103
230 30746 0.58120984
230 30620 0.578828
230 31301 0.5917013
230 30900 0.584121
230 31202 0.58982986
230 32224 0.60914934
230 30948 0.58502835
230 29904 0.565293
230 31653 0.5983554
230 30148 0.56990546
230 30947 0.58500946
230 31425 0.59404534
230 31085 0.5876182
230 30625 0.5789225
230 32123 0.6072401
230 31683 0.5989225
230 31214 0.5900567
230 31821 0.6015312
230 30951 0.5850851
230 30540 0.5773157
230 30980 0.5856333
230 31171 0.5892438
230 30951 0.5850851
230 31285 0.5913989
230 31661 0.5985066
230 31352 0.59266543
230 31673 0.5987335
230 31122 0.5883176
230 31374 0.5930813
230 30014 0.5673724
230 31116 0.58820415
230 30637 0.57914937
230 32628 0.61678636
230 31037 0.58671075
230 31663 0.5985444
230 31284 0.59137994
230 31501 0.59548205
230 31640 0.59810966
230 31257 0.59086955
230 31546 0.5963327
230 31171 0.5892438
230 31032 0.5866163
230 31174 0.5893006
230 31086 0.58763707
230 31720 0.59962195
230 31696 0.59916824
230 31625 0.59782606
230 31737 0.5999433
230 31389 0.59336483
230 31225 0.5902647
230 31312 0.5919093
230 31781 0.60077506
230 31810 0.60132325
230 30740 0.5810964
230 30440 0.5754253
230 31676 0.59879017
230 31544 0.5962949
230 31702 0.59928167
230 31029 0.58655953
230 32240 0.6094518
230 32110 0.60699433
230 31596 0.5972779
230 31255 0.59083176
230 31825 0.6016068
230 31487 0.5952174
230 31318 0.59202266
230 32057 0.60599244
230 31375 0.5931002
230 30747 0.58122873
230 30817 0.58255196
230 31907 0.6031569
230 31172 0.5892628
230 31506 0.5955766
230 31052 0.58699435
230 30847 0.5831191
230 31739 0.59998107
230 31184 0.5894896
230 31773 0.60062385
230 30663 0.5796408
230 31551 0.5964272
230 31651 0.59831756
230 31507 0.5955955
230 30803 0.5822873

Size : 240
240 33190 0.57621527
240 34001 0.59029514
240 34573 0.6002257
240 34337 0.59612846
240 33811 0.58699656
240 34340 0.59618056
240 33465 0.5809896
240 34227 0.59421873
240 34147 0.5928299
240 34402 0.59725696
240 33640 0.58402777
240 34248 0.59458333
240 34303 0.5955382
240 34439 0.5978993
240 33616 0.58361113
240 33969 0.58973956
240 33682 0.584757
240 34447 0.5980382
240 34868 0.6053472
240 35466 0.61572915
240 34239 0.5944271
240 34644 0.6014583
240 33023 0.573316
240 33654 0.58427083
240 33825 0.58723956
240 34773 0.6036979
240 34224 0.5941667
240 33888 0.5883333
240 33886 0.5882986
240 34165 0.5931424
240 33586 0.5830903
240 34352 0.5963889
240 33707 0.58519095
240 34993 0.60751736
240 33319 0.57845485
240 33465 0.5809896
240 34211 0.593941
240 34592 0.60055554
240 34189 0.593559
240 34208 0.5938889
240 34529 0.5994618
240 34282 0.5951736
240 33893 0.58842015
240 34022 0.59065974
240 34763 0.6035243
240 34265 0.5948785
240 34039 0.59095484
240 34027 0.5907465
240 33816 0.58708334
240 34036 0.5909028
240 35075 0.60894096
240 34781 0.60383683
240 34889 0.6057118
240 34443 0.59796876
240 34724 0.6028472
240 34650 0.6015625
240 34280 0.5951389
240 33887 0.58831596
240 33271 0.5776215
240 34835 0.6047743
240 33386 0.57961804
240 33949 0.58939236
240 33864 0.5879167
240 34273 0.5950174
240 34288 0.5952778
240 34533 0.59953123
240 34099 0.59199655
240 34724 0.6028472
240 34233 0.5943229
240 34628 0.60118055
240 34665 0.6018229
240 33575 0.58289933
240 34342 0.59621525
240 34636 0.60131943
240 34759 0.6034549
240 34587 0.60046875
240 34208 0.5938889
240 34186 0.59350693
240 33780 0.5864583
240 34443 0.59796876
240 33874 0.5880903
240 34840 0.60486114
240 33824 0.5872222
240 33940 0.58923614
240 33960 0.58958334
240 34754 0.60336804
240 34857 0.60515624
240 34560 0.6
240 34553 0.5998785
240 34529 0.5994618
240 34544 0.5997222
240 34304 0.59555554
240 33644 0.5840972
240 34827 0.6046354
240 33952 0.58944446
240 34070 0.59149307
240 34428 0.59770834
240 34333 0.596059
240 33614 0.5835764
240 34410 0.59739584

Size : 250
250 37939 0.607024
250 36714 0.587424
250 36661 0.586576
250 37672 0.602752
250 36193 0.579088
250 36792 0.588672
250 36995 0.59192
250 37619 0.601904
250 37028 0.592448
250 37246 0.595936
250 36821 0.589136
250 36975 0.5916
250 37159 0.594544
250 37372 0.597952
250 36331 0.581296
250 36680 0.58688
250 36613 0.585808
250 36803 0.588848
250 38336 0.613376
250 36373 0.581968
250 37600 0.6016
250 37201 0.595216
250 36810 0.58896
250 36127 0.578032
250 37281 0.596496
250 37256 0.596096
250 37569 0.601104
250 36833 0.589328
250 36902 0.590432
250 37682 0.602912
250 36326 0.581216
250 38622 0.617952
250 36804 0.588864
250 36834 0.589344
250 37375 0.598
250 37776 0.604416
250 36718 0.587488
250 37534 0.600544
250 36656 0.586496
250 37641 0.602256
250 35860 0.57376
250 37243 0.595888
250 37213 0.595408
250 37304 0.596864
250 37055 0.59288
250 36607 0.585712
250 36752 0.588032
250 37349 0.597584
250 36789 0.588624
250 36615 0.58584
250 37667 0.602672
250 37099 0.593584
250 36932 0.590912
250 36761 0.588176
250 37215 0.59544
250 36946 0.591136
250 37005 0.59208
250 37244 0.595904
250 38405 0.61448
250 38021 0.608336
250 37228 0.595648
250 37533 0.600528
250 37580 0.60128
250 36893 0.590288
250 37260 0.59616
250 37964 0.607424
250 36575 0.5852
250 36806 0.588896
250 37358 0.597728
250 37054 0.592864
250 36782 0.588512
250 37591 0.601456
250 36771 0.588336
250 36931 0.590896
250 37546 0.600736
250 36933 0.590928
250 38429 0.614864
250 36796 0.588736
250 37185 0.59496
250 37751 0.604016
250 37319 0.597104
250 36434 0.582944
250 37505 0.60008
250 37296 0.596736
250 37351 0.597616
250 36479 0.583664
250 37249 0.595984
250 36474 0.583584
250 36960 0.59136
250 37598 0.601568
250 37759 0.604144
250 36496 0.583936
250 37404 0.598464
250 36396 0.582336
250 37470 0.59952
250 37766 0.604256
250 36335 0.58136
250 36433 0.582928
250 36796 0.588736
250 37048 0.592768

Size : 260
260 40046 0.59239644
260 40046 0.59239644
260 39728 0.5876923
260 40365 0.5971154
260 40424 0.5979882
260 40047 0.5924112
260 39897 0.5901923
260 40777 0.60321003
260 40536 0.59964496
260 40098 0.5931657
260 39781 0.58847636
260 40154 0.5939941
260 40026 0.5921006
260 40770 0.6031065
260 38743 0.5731213
260 40439 0.59821004
260 40383 0.59738165
260 40136 0.5937278
260 39595 0.58572483
260 40342 0.5967752
260 39367 0.58235204
260 39731 0.58773667
260 40405 0.5977071
260 39100 0.57840234
260 39457 0.58368343
260 40813 0.6037426
260 38980 0.5766272
260 40164 0.594142
260 39864 0.58970416
260 40092 0.59307694
260 40746 0.6027515
260 39376 0.5824852
260 39215 0.5801036
260 39388 0.5826627
260 40754 0.6028698
260 39754 0.58807695
260 40008 0.5918343
260 40435 0.5981509
260 40167 0.59418637
260 39937 0.590784
260 39934 0.59073967
260 41092 0.6078698
260 39442 0.5834615
260 39611 0.5859615
260 39441 0.58344674
260 39980 0.5914201
260 39942 0.590858
260 39984 0.5914793
260 40119 0.59347636
260 39416 0.5830769
260 40548 0.59982246
260 40419 0.5979142
260 39953 0.5910207
260 40403 0.5976775
260 40540 0.59970415
260 40502 0.599142
260 40551 0.59986687
260 41082 0.60772187
260 40453 0.59841716
260 41047 0.60720414
260 40373 0.5972337
260 41021 0.6068195
260 39997 0.5916716
260 40375 0.59726334
260 39207 0.5799852
260 40175 0.59430474
260 40853 0.6043343
260 39202 0.57991123
260 40488 0.5989349
260 40123 0.5935355
260 39873 0.58983725
260 40455 0.5984467
260 40006 0.59180474
260 39819 0.5890385
260 39846 0.58943784
260 40570 0.6001479
260 39621 0.58610946
260 40381 0.5973521
260 39287 0.58116865
260 39588 0.5856213
260 40031 0.59217453
260 39345 0.5820266
260 40794 0.60346156
260 40579 0.60028106
260 39888 0.59005916
260 40432 0.5981065
260 40051 0.5924704
260 41207 0.609571
260 39268 0.58088756
260 40109 0.5933284
260 40833 0.6040385
260 39892 0.59011835
260 39638 0.58636093
260 39467 0.58383137
260 39962 0.59115386
260 39981 0.5914349
260 40997 0.6064645
260 40248 0.5953846
260 40070 0.5927515
260 40545 0.5997781

Size : 270
270 43919 0.60245544
270 42940 0.58902603
270 42733 0.5861865
270 43223 0.5929081
270 42914 0.5886694
270 42689 0.585583
270 43662 0.59893006
270 41930 0.5751715
270 41794 0.5733059
270 42867 0.5880247
270 43682 0.59920436
270 43106 0.59130317
270 42476 0.58266115
270 42855 0.5878601
270 43095 0.59115225
270 43315 0.5941701
270 42830 0.58751714
270 42312 0.5804115
270 43197 0.59255147
270 43703 0.59949243
270 43660 0.5989026
270 43748 0.60010976
270 42935 0.5889575
270 43370 0.59492457
270 43891 0.60207134
270 43000 0.5898491
270 43395 0.5952675
270 43274 0.59360766
270 43141 0.5917833
270 42803 0.58714676
270 43528 0.5970919
270 42405 0.5816873
270 43132 0.5916598
270 42740 0.58628255
270 43387 0.59515774
270 42835 0.58758575
270 43000 0.5898491
270 42047 0.5767764
270 43648 0.598738
270 43428 0.5957202
270 43043 0.59043896
270 43642 0.5986557
270 43375 0.5949931
270 42711 0.58588475
270 42612 0.5845268
270 42210 0.57901233
270 43741 0.60001373
270 43737 0.59995884
270 43529 0.5971056
270 43830 0.60123456
270 42499 0.5829767
270 43628 0.59846365
270 42882 0.58823043
270 41654 0.57138544
270 42301 0.58026063
270 42734 0.5862003
270 43497 0.5966667
270 42203 0.5789163
270 42211 0.57902604
270 43314 0.5941564
270 43287 0.593786
270 43854 0.6015638
270 44042 0.60414267
270 43364 0.59484226
270 42952 0.58919066
270 42531 0.5834156
270 42347 0.5808916
270 43515 0.5969136
270 42035 0.5766118
270 42794 0.5870233
270 43754 0.60019207
270 43476 0.5963786
270 44122 0.60524005
270 42690 0.5855967
270 43026 0.5902058
270 42807 0.58720165
270 42690 0.5855967
270 43772 0.60043895
270 42889 0.58832645
270 42158 0.57829905
270 43796 0.60076815
270 42612 0.5845268
270 43266 0.59349793
270 42302 0.58027434
270 44086 0.6047462
270 43318 0.5942112
270 44070 0.60452676
270 42245 0.57949245
270 43261 0.5934293
270 42967 0.5893964
270 43050 0.590535
270 42619 0.5846228
270 43104 0.5912757
270 43373 0.5949657
270 43873 0.6018244
270 42584 0.5841427
270 43305 0.59403294
270 43122 0.59152263
270 43977 0.60325104
270 43608 0.5981893

Size : 280
280 46329 0.5909311
280 46691 0.59554845
280 46010 0.58686227
280 47484 0.60566324
280 46090 0.58788264
280 46442 0.5923725
280 47953 0.6116454
280 46192 0.5891837
280 46830 0.59732145
280 45714 0.5830867
280 46028 0.58709186
280 46227 0.5896301
280 45139 0.57575256
280 47408 0.6046939
280 47304 0.6033673
280 46374 0.5915051
280 45891 0.5853444
280 46951 0.5988648
280 46624 0.5946939
280 46717 0.5958801
280 45935 0.5859056
280 46013 0.58690053
280 45807 0.584273
280 46972 0.59913266
280 45792 0.58408165
280 47321 0.6035842
280 45504 0.58040816
280 46141 0.58853316
280 46249 0.5899107
280 47896 0.61091834
280 45268 0.57739794
280 46183 0.5890689
280 46306 0.59063774
280 47141 0.60128826
280 45504 0.58040816
280 46218 0.5895153
280 46931 0.5986097
280 45705 0.58297193
280 46506 0.59318876
280 46078 0.5877296
280 46883 0.5979974
280 45769 0.5837883
280 47073 0.6004209
280 46927 0.59855866
280 46935 0.5986607
280 46904 0.5982653
280 46556 0.59382653
280 46155 0.58871174
280 46152 0.5886735
280 46318 0.5907908
280 46287 0.5903954
280 47465 0.60542095
280 46542 0.59364796
280 47393 0.60450256
280 45536 0.5808163
280 46558 0.59385204
280 46705 0.595727
280 46419 0.5920791
280 46261 0.59006375
280 46910 0.5983418
280 46242 0.58982146
280 47137 0.60123724
280 46076 0.58770406
280 46595 0.594324
280 46835 0.5973852
280 45119 0.57549745
280 46391 0.59172195
280 46721 0.5959311
280 45430 0.57946426
280 46985 0.5992985
280 46445 0.59241074
280 46708 0.5957653
280 46545 0.5936862
280 46487 0.5929464
280 46648 0.595
280 46003 0.586773
280 45641 0.5821556
280 47179 0.60177296
280 47233 0.60246176
280 47226 0.60237247
280 46161 0.5887883
280 46313 0.59072703
280 46408 0.5919388
280 47056 0.6002041
280 46695 0.5955995
280 46739 0.5961607
280 47124 0.6010714
280 46243 0.5898342
280 46890 0.5980867
280 45934 0.58589286
280 46137 0.58848214
280 46636 0.59484696
280 46107 0.5880995
280 46552 0.5937755
280 47428 0.604949
280 46082 0.5877806
280 46942 0.59875
280 45882 0.5852296
280 46941 0.59873724
280 45711 0.58304846

Size : 290
290 49818 0.5923662
290 50340 0.59857315
290 50271 0.5977527
290 49757 0.5916409
290 50065 0.59530324
290 49796 0.5921046
290 49691 0.59085613
290 50166 0.59650415
290 49150 0.5844233
290 50274 0.59778833
290 49787 0.5919976
290 50370 0.5989298
290 49098 0.58380497
290 49686 0.59079665
290 49219 0.58524376
290 50057 0.5952081
290 50212 0.59705114
290 49453 0.58802617
290 49501 0.5885969
290 49579 0.5895244
290 51244 0.60932225
290 49665 0.59054697
290 49615 0.5899524
290 49565 0.5893579
290 49449 0.5879786
290 49369 0.5870274
290 50547 0.60103446
290 49517 0.58878714
290 51079 0.6073603
290 49698 0.59093934
290 49765 0.591736
290 49942 0.59384066
290 49509 0.588692
290 50805 0.60410225
290 49771 0.59180737
290 48399 0.57549345
290 49913 0.59349585
290 51399 0.6111653
290 49420 0.5876338
290 48927 0.5817717
290 50399 0.5992747
290 49319 0.5864328
290 50053 0.59516054
290 50326 0.5984067
290 49216 0.58520806
290 49670 0.5906064
290 49919 0.5935672
290 49490 0.5884661
290 50546 0.6010226
290 49475 0.5882878
290 48994 0.58256835
290 48764 0.5798335
290 50229 0.59725326
290 50210 0.59702736
290 49278 0.5859453
290 49100 0.58382875
290 48102 0.57196194
290 49658 0.59046376
290 50321 0.5983472
290 50503 0.6005113
290 49618 0.5899881
290 49968 0.5941498
290 49361 0.58693224
290 50049 0.595113
290 50181 0.59668255
290 50028 0.59486324
290 49295 0.5861474
290 49564 0.589346
290 50176 0.59662306
290 50406 0.5993579
290 49847 0.59271103
290 49426 0.58770514
290 49030 0.5829964
290 49931 0.5937099
290 49103 0.58386445
290 49934 0.5937455
290 50239 0.5973722
290 49977 0.5942568
290 50938 0.6056837
290 50797 0.6040071
290 50123 0.59599286
290 51110 0.6077289
290 49869 0.59297264
290 49646 0.59032106
290 48761 0.57979786
290 50868 0.60485137
290 49005 0.5826992
290 49726 0.5912723
290 49800 0.5921522
290 50435 0.5997027
290 50855 0.6046968
290 48975 0.58234245
290 49523 0.5888585
290 48919 0.5816766
290 48003 0.5707848
290 49714 0.5911296
290 50308 0.59819263
290 48971 0.5822949
290 49508 0.58868015
290 50212 0.59705114

Size : 300
300 53777 0.5975222
300 53422 0.5935778
300 54220 0.60244447
300 52116 0.5790667
300 52591 0.58434445
300 53589 0.59543335
300 52411 0.5823445
300 53280 0.592
300 53294 0.5921556
300 53123 0.59025556
300 52016 0.57795554
300 52883 0.5875889
300 53203 0.59114444
300 53513 0.5945889
300 53202 0.59113336
300 52848 0.5872
300 53182 0.5909111
300 52797 0.5866333
300 53226 0.5914
300 54057 0.6006333
300 53270 0.5918889
300 53646 0.59606665
300 52463 0.5829222
300 53358 0.59286666
300 53102 0.5900222
300 53176 0.59084445
300 53707 0.5967444
300 53292 0.59213334
300 53176 0.59084445
300 54036 0.6004
300 53859 0.5984333
300 53213 0.59125555
300 54732 0.6081333
300 52776 0.5864
300 53722 0.59691113
300 53390 0.5932222
300 52519 0.58354443
300 52158 0.57953334
300 53690 0.59655553
300 54283 0.60314447
300 53383 0.5931444
300 53053 0.5894778
300 53685 0.5965
300 53292 0.59213334
300 52697 0.58552223
300 53576 0.5952889
300 54600 0.6066667
300 52280 0.58088887
300 52717 0.58574444
300 52623 0.5847
300 52785 0.5865
300 53869 0.5985444
300 53941 0.59934443
300 53273 0.5919222
300 52095 0.57883334
300 52411 0.5823445
300 54278 0.6030889
300 52523 0.5835889
300 53804 0.59782225
300 52828 0.5869778
300 52413 0.58236665
300 53515 0.5946111
300 54369 0.6041
300 53492 0.5943556
300 52837 0.5870778
300 53456 0.5939556
300 52679 0.5853222
300 53498 0.5944222
300 54014 0.60015553
300 53333 0.5925889
300 54035 0.6003889
300 53278 0.5919778
300 54022 0.60024446
300 52624 0.58471113
300 53879 0.5986556
300 53856 0.5984
300 52733 0.58592224
300 52614 0.5846
300 53539 0.5948778
300 54519 0.60576665
300 51986 0.57762223
300 53476 0.5941778
300 53837 0.5981889
300 52333 0.58147776
300 53165 0.5907222
300 53446 0.5938445
300 52755 0.5861667
300 52882 0.58757776
300 53279 0.59198886
300 52909 0.58787775
300 53725 0.59694445
300 54122 0.60135555
300 53522 0.5946889
300 52095 0.57883334
300 52657 0.58507776
300 54051 0.6005667
300 53177 0.59085554
300 52774 0.5863778
300 52582 0.58424443
300 53656 0.59617776

Size : 310
310 56975 0.592872
310 56661 0.58960456
310 57851 0.60198754
310 56683 0.5898335
310 55913 0.581821
310 57065 0.59380853
310 56367 0.5865453
310 56592 0.58888656
310 57167 0.5948699
310 56703 0.59004164
310 55773 0.5803642
310 55935 0.58204997
310 56049 0.5832362
310 57926 0.60276794
310 57701 0.6004266
310 56765 0.5906868
310 56427 0.5871696
310 56179 0.58458894
310 57202 0.59523416
310 57102 0.5941936
310 57386 0.5971488
310 56875 0.59183145
310 55777 0.58040583
310 57627 0.5996566
310 57238 0.5956087
310 56841 0.59147763
310 56535 0.58829343
310 56436 0.5872633
310 56503 0.5879605
310 56303 0.58587927
310 57076 0.593923
310 57235 0.59557754
310 56783 0.5908741
310 55818 0.5808325
310 57556 0.5989178
310 56031 0.5830489
310 55991 0.58263266
310 56714 0.5901561
310 55112 0.573486
310 57898 0.6024766
310 56610 0.5890739
310 56675 0.5897503
310 57078 0.59394383
310 56863 0.5917066
310 57584 0.59920913
310 56765 0.5906868
310 56469 0.58760667
310 56696 0.5899688
310 57529 0.59863687
310 55591 0.57847035
310 56320 0.5860562
310 55902 0.5817066
310 56047 0.5832154
310 56956 0.5926743
310 56862 0.59169614
310 57352 0.596795
310 57822 0.60168576
310 57238 0.5956087
310 56179 0.58458894
310 56881 0.59189385
310 56995 0.5930801
310 57626 0.5996462
310 57418 0.5974818
310 56233 0.5851509
310 57202 0.59523416
310 57575 0.5991155
310 57824 0.60170656
310 56765 0.5906868
310 56723 0.5902497
310 55881 0.581488
310 57804 0.6014984
310 57302 0.59627473
310 58350 0.60718
310 58470 0.6084287
310 57307 0.59632677
310 56343 0.58629555
310 56999 0.59312177
310 57241 0.59563994
310 57643 0.5998231
310 56584 0.58880335
310 55623 0.5788033
310 56307 0.58592093
310 56392 0.5868054
310 57824 0.60170656
310 57375 0.59703434
310 56357 0.5864412
310 55909 0.5817794
310 56644 0.58942765
310 56209 0.58490115
310 55996 0.5826847
310 56287 0.5857128
310 55929 0.5819875
310 56441 0.5873153
310 56014 0.58287203
310 57525 0.5985952
310 58179 0.6054006
310 57570 0.59906346
310 56338 0.5862435
310 56955 0.5926639
310 56312 0.58597296

Size : 320
320 59982 0.5857617
320 60851 0.59424806
320 62232 0.6077344
320 61534 0.600918
320 60132 0.58722657
320 59825 0.5842285
320 60842 0.59416014
320 61112 0.5967969
320 60651 0.59229493
320 60560 0.5914062
320 60499 0.59081054
320 60808 0.59382814
320 60276 0.5886328
320 60586 0.59166014
320 60152 0.5874219
320 60458 0.5904102
320 60842 0.59416014
320 61515 0.60073245
320 59229 0.5784082
320 60386 0.589707
320 60839 0.5941309
320 60584 0.59164065
320 60757 0.5933301
320 60681 0.5925879
320 59243 0.5785449
320 60821 0.5939551
320 60315 0.5890137
320 60236 0.5882422
320 60473 0.5905566
320 61219 0.5978418
320 60901 0.59473634
320 60567 0.5914746
320 61273 0.5983691
320 61333 0.5989551
320 60257 0.5884473
320 59853 0.584502
320 60701 0.5927832
320 59608 0.5821094
320 61590 0.60146487
320 60405 0.58989257
320 60261 0.5884863
320 60375 0.5895996
320 60047 0.58639646
320 60639 0.59217775
320 60227 0.5881543
320 60723 0.592998
320 61110 0.5967773
320 62116 0.60660154
320 60419 0.5900293
320 60662 0.59240234
320 61310 0.59873044
320 60616 0.5919531
320 61591 0.6014746
320 62544 0.61078125
320 60797 0.5937207
320 61749 0.60301757
320 60421 0.59004885
320 60145 0.5873535
320 60329 0.58915037
320 61047 0.5961621
320 59299 0.5790918
320 60545 0.5912598
320 60799 0.5937402
320 60600 0.5917969
320 61406 0.59966797
320 59844 0.58441406
320 60370 0.5895508
320 61066 0.59634763
320 60938 0.59509766
320 59511 0.5811621
320 60651 0.59229493
320 60482 0.59064454
320 61934 0.60482424
320 61531 0.60088867
320 59076 0.5769141
320 60756 0.5933203
320 61803 0.60354495
320 61643 0.6019824
320 62314 0.6085352
320 60411 0.58995116
320 60289 0.5887598
320 61858 0.60408205
320 60337 0.5892285
320 60325 0.5891113
320 60400 0.58984375
320 59009 0.5762598
320 61388 0.5994922
320 61074 0.5964258
320 60727 0.5930371
320 61102 0.59669924
320 60270 0.58857423
320 60255 0.5884277
320 61051 0.5962012
320 60371 0.58956057
320 60075 0.5866699
320 60549 0.5912988
320 60683 0.59260744
320 60384 0.5896875
320 61431 0.5999121
320 60270 0.58857423

Size : 330
330 64619 0.59337926
330 63936 0.5871074
330 66557 0.6111754
330 64688 0.59401286
330 64312 0.59056014
330 64952 0.5964371
330 65521 0.6016621
330 64908 0.59603304
330 63933 0.5870799
330 63569 0.5837374
330 64105 0.58865935
330 64093 0.58854914
330 64717 0.59427917
330 64424 0.5915886
330 66184 0.60775024
330 63100 0.5794307
330 65455 0.60105604
330 64993 0.5968136
330 63722 0.5851423
330 64981 0.5967034
330 64272 0.59019285
330 65470 0.6011937
330 64372 0.5911111
330 64300 0.5904499
330 63322 0.58146924
330 64770 0.59476584
330 63332 0.5815611
330 64485 0.5921488
330 65481 0.60129476
330 65235 0.5990358
330 64816 0.59518826
330 63901 0.58678603
330 64726 0.5943618
330 65045 0.5972911
330 64286 0.5903214
330 64211 0.5896327
330 65190 0.59862256
330 65090 0.5977043
330 64418 0.59153354
330 64484 0.5921396
330 65221 0.59890723
330 65239 0.5990725
330 64427 0.59161615
330 64128 0.5888705
330 66270 0.60853994
330 64548 0.59272724
330 63675 0.5847107
330 65389 0.60045
330 63815 0.5859963
330 65236 0.599045
330 64767 0.5947383
330 64995 0.596832
330 65016 0.5970248
330 64410 0.59146005
330 66579 0.6113774
330 63711 0.58504134
330 64589 0.59310377
330 65029 0.5971442
330 63462 0.58275485
330 64031 0.5879798
330 64581 0.5930303
330 63086 0.57930213
330 63611 0.5841231
330 66167 0.60759413
330 64272 0.59019285
330 64799 0.59503216
330 64516 0.59243345
330 65019 0.59705234
330 65225 0.598944
330 63639 0.58438015
330 65046 0.5973003
330 63775 0.58562905
330 64430 0.5916437
330 64810 0.5951331
330 64153 0.58910006
330 63645 0.5844353
330 65293 0.5995684
330 64895 0.5959137
330 64413 0.5914876
330 65528 0.60172635
330 63750 0.58539945
330 63355 0.58177227
330 64638 0.5935537
330 64904 0.5959963
330 63750 0.58539945
330 63719 0.5851148
330 64553 0.5927732
330 65444 0.600955
330 65022 0.5970799
330 64020 0.58787876
330 64788 0.5949311
330 64509 0.59236914
330 65075 0.5975666
330 64365 0.5910468
330 65041 0.59725434
330 64220 0.58971536
330 65640 0.60275483
330 64242 0.58991736
330 65188 0.5986042
330 65207 0.5987787

Size : 340
340 67447 0.58345157
340 69530 0.6014706
340 67107 0.5805104
340 68013 0.58834773
340 69093 0.5976903
340 68414 0.5918166
340 68891 0.5959429
340 69338 0.5998097
340 69453 0.6008045
340 68228 0.59020764
340 68984 0.5967474
340 68192 0.5898962
340 68745 0.59467995
340 68299 0.5908218
340 68043 0.58860725
340 67238 0.5816436
340 67267 0.58189446
340 68058 0.588737
340 69571 0.60182524
340 67901 0.5873789
340 68909 0.5960986
340 68307 0.590891
340 68058 0.588737
340 69241 0.5989706
340 68722 0.594481
340 69082 0.59759516
340 68997 0.5968599
340 69032 0.5971626
340 68102 0.58911765
340 68075 0.58888406
340 67822 0.5866955
340 67895 0.587327
340 69684 0.60280275
340 68710 0.59437716
340 68453 0.59215397
340 67839 0.58684254
340 69170 0.5983564
340 68782 0.595
340 69075 0.5975346
340 67974 0.5880104
340 67779 0.5863235
340 68589 0.59333044
340 68772 0.5949135
340 68713 0.5944031
340 69264 0.59916955
340 68867 0.5957353
340 69786 0.60368514
340 67808 0.5865744
340 69401 0.6003547
340 68255 0.59044117
340 67534 0.58420414
340 68322 0.59102076
340 68531 0.5928287
340 68051 0.58867645
340 69360 0.6
340 69533 0.6014965
340 68809 0.59523356
340 68633 0.5937111
340 69362 0.6000173
340 68763 0.59483564
340 68317 0.5909775
340 67091 0.580372
340 69364 0.6000346
340 70216 0.6074048
340 67844 0.5868858
340 68166 0.58967125
340 67989 0.58814013
340 68661 0.5939533
340 69873 0.6044377
340 68789 0.5950605
340 68446 0.5920934
340 69026 0.59711075
340 68931 0.5962889
340 69142 0.5981142
340 68897 0.59599483
340 69474 0.6009862
340 68392 0.5916263
340 68769 0.59488755
340 69040 0.5972318
340 67786 0.58638406
340 68191 0.58988756
340 67715 0.5857699
340 68531 0.5928287
340 68082 0.5889446
340 68103 0.5891263
340 66936 0.57903117
340 68172 0.58972317
340 69450 0.6007785
340 69030 0.5971453
340 67695 0.58559686
340 67168 0.58103806
340 68792 0.5950865
340 66250 0.5730969
340 67613 0.58488756
340 68973 0.59665227
340 69960 0.60519034
340 68666 0.5939965
340 68181 0.589801
340 67623 0.58497405
340 68614 0.5935467

Size : 350
350 72095 0.5885306
350 71212 0.58132243
350 72135 0.5888571
350 72045 0.5881224
350 72485 0.59171426
350 73075 0.5965306
350 71144 0.58076733
350 72524 0.5920327
350 72539 0.5921551
350 72443 0.5913714
350 72934 0.5953796
350 71687 0.5852
350 72510 0.59191835
350 72466 0.5915592
350 72491 0.59176326
350 72344 0.59056324
350 72881 0.5949469
350 73242 0.5978939
350 73003 0.59594285
350 73494 0.599951
350 73521 0.60017145
350 72213 0.5894939
350 71730 0.585551
350 71942 0.58728164
350 73752 0.60205716
350 71777 0.5859347
350 72025 0.5879592
350 73117 0.59687346
350 72622 0.5928326
350 71730 0.585551
350 72751 0.5938857
350 72848 0.59467757
350 72503 0.59186125
350 73104 0.59676737
350 72052 0.5881796
350 74729 0.6100327
350 72684 0.5933388
350 71618 0.58463675
350 72472 0.59160817
350 72815 0.59440815
350 73684 0.60150206
350 71019 0.57974696
350 73252 0.5979755
350 71393 0.5828
350 71827 0.5863429
350 71906 0.58698773
350 72816 0.5944163
350 73108 0.5968
350 72726 0.59368163
350 72353 0.59063673
350 71838 0.58643264
350 72877 0.59491426
350 74335 0.60681635
350 72407 0.59107757
350 73308 0.59843266
350 71973 0.58753467
350 73311 0.59845716
350 73209 0.5976245
350 71665 0.5850204
350 72982 0.59577143
350 72810 0.5943673
350 72459 0.5915021
350 71486 0.58355916
350 72362 0.5907102
350 72690 0.5933878
350 72707 0.59352654
350 71640 0.58481634
350 72862 0.5947918
350 73038 0.5962286
350 71297 0.58201635
350 71971 0.5875184
350 72415 0.59114283
350 72924 0.59529793
350 71495 0.58363265
350 72949 0.595502
350 73648 0.60120815
350 71987 0.587649
350 71831 0.58637553
350 73711 0.6017224
350 71579 0.58431834
350 73592 0.60075104
350 72120 0.5887347
350 72155 0.58902043
350 72725 0.59367347
350 73575 0.6006122
350 74687 0.6096898
350 74388 0.60724896
350 71344 0.5824
350 71754 0.58574694
350 72275 0.59
350 72750 0.59387755
350 72464 0.59154284
350 73121 0.5969061
350 71729 0.58554286
350 73230 0.5977959
350 72408 0.59108573
350 73133 0.59700406
350 72881 0.5949469
350 72739 0.5937877
350 72210 0.5894694

Size : 360
360 76096 0.58716047
360 76925 0.5935571
360 76998 0.5941204
360 76499 0.59027004
360 76774 0.59239197
360 77785 0.6001929
360 77009 0.59420526
360 75332 0.58126545
360 76818 0.5927315
360 77386 0.5971142
360 76894 0.5933179
360 76026 0.5866204
360 76304 0.58876544
360 77024 0.594321
360 76794 0.5925463
360 78229 0.6036188
360 77165 0.595409
360 76691 0.5917515
360 76362 0.58921295
360 77233 0.5959336
360 77285 0.5963349
360 78909 0.60886574
360 77260 0.596142
360 77872 0.6008642
360 76726 0.5920216
360 76945 0.59371144
360 76811 0.5926775
360 77715 0.59965277
360 76352 0.5891358
360 77635 0.5990355
360 77660 0.5992284
360 76948 0.59373456
360 77198 0.5956636
360 76165 0.5876929
360 77396 0.59719133
360 76548 0.5906482
360 75739 0.58440584
360 78883 0.6086651
360 77465 0.5977238
360 77898 0.6010648
360 77374 0.5970216
360 76382 0.5893673
360 76667 0.5915664
360 76742 0.5921451
360 78053 0.6022608
360 76414 0.5896142
360 76943 0.593696
360 77249 0.5960571
360 77437 0.5975077
360 75858 0.58532405
360 76824 0.5927778
360 76382 0.5893673
360 76110 0.58726853
360 76390 0.589429
360 76824 0.5927778
360 76330 0.5889661
360 74057 0.57142746
360 75693 0.58405095
360 76246 0.58831793
360 77890 0.6010031
360 74918 0.578071
360 75064 0.5791975
360 75110 0.5795525
360 77414 0.5973303
360 76602 0.5910648
360 77140 0.59521604
360 76975 0.5939429
360 76216 0.5880864
360 76955 0.59378856
360 76364 0.5892284
360 75893 0.5855941
360 77440 0.59753084
360 76633 0.591304
360 77596 0.59873456
360 75846 0.5852315
360 76550 0.59066355
360 76189 0.5878781
360 77238 0.59597224
360 76717 0.59195215
360 77386 0.5971142
360 75725 0.58429784
360 76933 0.5936188
360 76459 0.5899614
360 77566 0.5985031
360 78358 0.6046142
360 77899 0.60107255
360 76236 0.58824074
360 76981 0.5939892
360 77512 0.5980864
360 78054 0.6022685
360 76932 0.5936111
360 76229 0.58818674
360 76559 0.59073305
360 77035 0.5944059
360 76246 0.58831793
360 76469 0.5900386
360 76758 0.5922685
360 77274 0.59625
360 75855 0.5853009
360 74779 0.5769985

Size : 370
370 81425 0.5947772
370 81285 0.5937546
370 80006 0.584412
370 81898 0.59823227
370 80261 0.5862746
370 82614 0.6034624
370 80748 0.589832
370 80184 0.5857122
370 81369 0.59436816
370 81839 0.5978013
370 82762 0.60454345
370 81427 0.5947918
370 81190 0.5930606
370 80231 0.5860555
370 81059 0.5921037
370 80002 0.5843828
370 81047 0.59201604
370 80868 0.59070855
370 81572 0.595851
370 81240 0.59342587
370 82121 0.5998612
370 80956 0.59135133
370 80763 0.58994156
370 81855 0.5979182
370 81770 0.5972973
370 83106 0.60705626
370 81663 0.5965157
370 80995 0.59163624
370 81518 0.59545654
370 82889 0.60547113
370 81313 0.5939591
370 79963 0.58409786
370 80448 0.58764064
370 80711 0.5895617
370 81290 0.59379107
370 81165 0.592878
370 81030 0.5918919
370 80298 0.58654493
370 82229 0.60065013
370 80692 0.58942294
370 81202 0.5931483
370 81352 0.594244
370 81023 0.59184074
370 79960 0.584076
370 81455 0.59499633
370 80604 0.5887801
370 81814 0.5976187
370 80271 0.5863477
370 81102 0.59241784
370 80959 0.59137326
370 81017 0.59179693
370 79799 0.5828999
370 81019 0.59181154
370 81472 0.59512055
370 81154 0.59279764
370 81707 0.5968371
370 80162 0.5855515
370 81749 0.5971439
370 80840 0.590504
370 80517 0.58814466
370 80395 0.58725345
370 80691 0.5894156
370 82206 0.6004821
370 81969 0.5987509
370 80807 0.59026295
370 81125 0.5925858
370 80574 0.588561
370 81883 0.5981227
370 81073 0.592206
370 81755 0.59718776
370 81120 0.5925493
370 82426 0.6020891
370 80480 0.58787435
370 82004 0.5990066
370 80493 0.5879693
370 81501 0.5953324
370 82126 0.59989774
370 81311 0.5939445
370 82101 0.5997151
370 80703 0.5895033
370 80381 0.5871512
370 80959 0.59137326
370 80602 0.5887655
370 81154 0.59279764
370 82128 0.59991235
370 80809 0.59027755
370 80725 0.589664
370 82495 0.6025931
370 81185 0.59302413
370 83683 0.611271
370 81143 0.5927173
370 82528 0.60283417
370 80503 0.5880424
370 82237 0.60070854
370 80734 0.5897297
370 81248 0.5934843
370 81744 0.59710735
370 82399 0.6018919
370 81175 0.59295106
370 81182 0.5930022

Size : 380
380 84690 0.5864958
380 85999 0.59556097
380 84371 0.5842867
380 85049 0.588982
380 86379 0.5981925
380 86144 0.59656507
380 85381 0.5912812
380 84778 0.5871053
380 86202 0.59696674
380 86729 0.60061634
380 84981 0.5885111
380 85614 0.59289473
380 85458 0.5918144
380 86323 0.5978047
380 85943 0.5951731
380 87582 0.6065236
380 86213 0.5970429
380 86965 0.6022507
380 84663 0.58630884
380 84540 0.5854571
380 84820 0.58739614
380 86064 0.5960111
380 85750 0.59383655
380 84993 0.5885942
380 84828 0.5874515
380 86416 0.59844875
380 87421 0.6054086
380 84573 0.5856856
380 85475 0.5919321
380 86719 0.6005471
380 87384 0.60515237
380 85412 0.5914959
380 85422 0.5915651
380 85560 0.5925208
380 86465 0.5987881
380 87028 0.602687
380 86029 0.5957687
380 85183 0.58991
380 84174 0.58292246
380 86130 0.59646815
380 86659 0.6001316
380 86202 0.59696674
380 85236 0.590277
380 85012 0.58872575
380 85484 0.59199446
380 85777 0.5940235
380 86457 0.5987327
380 84669 0.58635044
380 85039 0.5889127
380 85513 0.5921953
380 85311 0.5907964
380 86647 0.6000485
380 85075 0.58916205
380 86308 0.59770083
380 85586 0.59270084
380 86452 0.5986981
380 85746 0.5938089
380 86369 0.59812325
380 84615 0.5859765
380 87420 0.60540164
380 86463 0.59877425
380 84716 0.5866759
380 84306 0.58383656
380 85033 0.5888712
380 85275 0.5905471
380 85864 0.594626
380 86206 0.59699446
380 86981 0.6023615
380 83524 0.57842106
380 85060 0.58905816
380 85611 0.592874
380 86178 0.59680057
380 84482 0.5850554
380 85799 0.5941759
380 83270 0.57666206
380 85126 0.5895152
380 85509 0.5921676
380 85248 0.5903601
380 86158 0.59666204
380 86112 0.5963435
380 86695 0.6003809
380 86003 0.5955886
380 86305 0.59768003
380 86489 0.5989543
380 85660 0.5932133
380 85421 0.59155816
380 86495 0.59899586
380 86324 0.59781164
380 86574 0.5995429
380 86426 0.598518
380 85818 0.5943075
380 84880 0.58781165
380 85723 0.59364957
380 85566 0.5925623
380 84949 0.5882895
380 83215 0.5762812
380 85410 0.591482
380 85175 0.5898546
380 83845 0.5806441
380 85681 0.59335876

Size : 390
390 90549 0.59532547
390 90952 0.597975
390 91833 0.6037673
390 90801 0.59698224
390 90088 0.5922945
390 89836 0.59063774
390 90741 0.5965878
390 90859 0.5973636
390 89929 0.59124917
390 90343 0.5939711
390 90873 0.5974556
390 89799 0.5903945
390 88960 0.5848784
390 89559 0.5888166
390 89873 0.590881
390 89877 0.5909073
390 90441 0.5946154
390 90453 0.59469426
390 89313 0.5871992
390 90185 0.5929323
390 91717 0.6030046
390 89995 0.5916831
390 90335 0.5939185
390 89089 0.5857265
390 89531 0.58863246
390 91688 0.60281396
390 91479 0.60143983
390 89684 0.5896384
390 88898 0.58447075
390 89040 0.58540434
390 91759 0.6032807
390 90748 0.5966338
390 91276 0.60010517
390 90775 0.5968113
390 89318 0.5872321
390 89946 0.5913609
390 90532 0.59521365
390 90738 0.59656805
390 89957 0.5914333
390 88112 0.5793031
390 90302 0.59370154
390 90408 0.59439844
390 91066 0.59872454
390 89518 0.588547
390 90342 0.5939645
390 90418 0.5944642
390 90462 0.59475344
390 90779 0.5968376
390 89975 0.5915516
390 88845 0.5841223
390 91224 0.59976333
390 89050 0.5854701
390 89388 0.5876923
390 91469 0.6013741
390 89539 0.5886851
390 92608 0.6088626
390 91025 0.59845495
390 90983 0.5981788
390 90765 0.59674555
390 89545 0.5887245
390 88075 0.57905984
390 90911 0.5977055
390 90881 0.5975082
390 89239 0.5867127
390 90715 0.59641683
390 90173 0.59285337
390 90767 0.5967587
390 89225 0.5866206
390 89688 0.5896647
390 90340 0.59395134
390 88331 0.58074296
390 90164 0.59279424
390 90155 0.59273505
390 89119 0.58592373
390 90883 0.59752136
390 91422 0.6010651
390 89925 0.5912229
390 90016 0.5918212
390 90301 0.5936949
390 90537 0.59524655
390 89318 0.5872321
390 89121 0.5859369
390 89655 0.58944774
390 89053 0.5854898
390 90295 0.59365547
390 89778 0.5902564
390 90366 0.5941223
390 90273 0.59351087
390 90060 0.59211046
390 88939 0.5847403
390 90743 0.59660095
390 90363 0.59410256
390 88996 0.5851151
390 91118 0.5990664
390 90076 0.59221566
390 90954 0.5979882
390 90094 0.592334
390 89728 0.5899277
390 88346 0.58084154
390 92070 0.60532546

Size : 400
400 94370 0.5898125
400 93819 0.58636874
400 95127 0.59454376
400 94407 0.5900437
400 94345 0.58965623
400 93955 0.58721876
400 94611 0.5913187
400 95703 0.59814376
400 93948 0.587175
400 94484 0.590525
400 94275 0.58921874
400 93981 0.58738124
400 93237 0.58273125
400 95679 0.59799373
400 94562 0.5910125
400 93734 0.5858375
400 95133 0.59458125
400 94671 0.59169376
400 94307 0.58941877
400 95495 0.5968438
400 95981 0.59988123
400 95333 0.5958313
400 94104 0.58815
400 96956 0.605975
400 94778 0.5923625
400 95638 0.5977375
400 94288 0.5893
400 95354 0.5959625
400 95552 0.5972
400 95354 0.5959625
400 94584 0.59115
400 94564 0.591025
400 94176 0.5886
400 94682 0.5917625
400 95162 0.5947625
400 94821 0.5926312
400 95051 0.59406877
400 93634 0.5852125
400 95184 0.5949
400 94899 0.5931187
400 93787 0.58616877
400 94000 0.5875
400 94747 0.59216875
400 94604 0.591275
400 93476 0.584225
400 94794 0.5924625
400 96128 0.6008
400 93599 0.5849938
400 94676 0.591725
400 96163 0.6010187
400 94540 0.590875
400 94234 0.5889625
400 94537 0.59085625
400 94166 0.5885375
400 95367 0.59604377
400 93766 0.5860375
400 94496 0.5906
400 94898 0.5931125
400 94482 0.5905125
400 95354 0.5959625
400 96380 0.602375
400 95720 0.59825
400 95198 0.5949875
400 94924 0.593275
400 94719 0.59199375
400 95557 0.59723127
400 94964 0.593525
400 93923 0.5870187
400 96600 0.60375
400 95935 0.59959376
400 95183 0.59489375
400 94307 0.58941877
400 95406 0.5962875
400 95392 0.5962
400 95657 0.5978562
400 93618 0.5851125
400 94475 0.59046876
400 94915 0.59321874
400 94980 0.593625
400 93724 0.585775
400 93620 0.585125
400 95525 0.59703124
400 94508 0.590675
400 93323 0.58326876
400 95536 0.5971
400 94597 0.5912312
400 94507 0.59066874
400 95584 0.5974
400 94805 0.59253126
400 94137 0.58835626
400 95438 0.5964875
400 95081 0.5942562
400 95482 0.5967625
400 94558 0.5909875
400 93753 0.5859563
400 95625 0.59765625
400 93757 0.58598125
400 92624 0.5789
400 93279 0.58299375
400 95993 0.5999563

Size : 410
410 98089 0.58351576
410 98509 0.5860143
410 99127 0.5896907
410 100278 0.59653777
410 100235 0.59628195
410 100385 0.5971743
410 99891 0.5942356
410 99669 0.59291494
410 99982 0.5947769
410 99666 0.59289706
410 101418 0.60331947
410 98940 0.5885782
410 99132 0.5897204
410 98861 0.58810824
410 99194 0.59008926
410 99952 0.5945985
410 100111 0.59554434
410 99233 0.59032124
410 99167 0.5899286
410 98311 0.5848364
410 100864 0.6000238
410 99159 0.589881
410 99388 0.5912433
410 100063 0.5952588
410 99695 0.5930696
410 101481 0.6036942
410 99958 0.5946342
410 97850 0.582094
410 99193 0.5900833
410 99741 0.59334326
410 99115 0.5896193
410 98644 0.5868174
410 100200 0.59607375
410 100213 0.5961511
410 100343 0.5969244
410 100412 0.5973349
410 101277 0.60248065
410 99172 0.58995837
410 99921 0.59441406
410 99715 0.5931886
410 99489 0.59184414
410 100459 0.5976145
410 99796 0.5936704
410 100214 0.5961571
410 101040 0.60107076
410 99257 0.590464
410 99799 0.5936883
410 100376 0.59712076
410 100251 0.59637713
410 98374 0.58521116
410 99267 0.5905235
410 99820 0.5938132
410 98947 0.5886199
410 99839 0.59392625
410 98907 0.5883819
410 100133 0.5956752
410 99273 0.5905592
410 98070 0.58340275
410 98802 0.5877573
410 99780 0.59357524
410 99597 0.5924866
410 98047 0.5832659
410 100057 0.59522307
410 100159 0.59582984
410 98847 0.588025
410 99933 0.5944854
410 100785 0.5995538
410 100055 0.5952112
410 99448 0.59160024
410 99419 0.59142774
410 97017 0.5771386
410 100862 0.6000119
410 97537 0.580232
410 97996 0.5829625
410 101037 0.60105294
410 98782 0.5876383
410 99900 0.5942891
410 100397 0.5972457
410 101144 0.60168946
410 99225 0.5902736
410 99010 0.5889946
410 102141 0.6076205
410 102773 0.61138016
410 99124 0.5896728
410 99166 0.58992267
410 99396 0.5912909
410 99314 0.5908031
410 100696 0.5990244
410 99058 0.5892802
410 97962 0.5827603
410 100842 0.5998929
410 97789 0.58173114
410 98671 0.586978
410 97758 0.5815467
410 99046 0.5892088
410 98587 0.5864783
410 99682 0.59299225
410 99085 0.5894408
410 98820 0.58786434
410 99193 0.5900833

Size : 420
420 105282 0.59683675
420 105764 0.59956914
420 104560 0.59274375
420 105735 0.59940475
420 104021 0.5896882
420 104272 0.5911111
420 104905 0.59469956
420 103816 0.58852607
420 103536 0.5869388
420 104616 0.5930612
420 104643 0.5932143
420 105759 0.5995408
420 103937 0.589212
420 103847 0.5887018
420 102850 0.5830499
420 104066 0.5899433
420 102442 0.58073694
420 104515 0.59248865
420 105060 0.59557825
420 104674 0.59339005
420 104533 0.5925907
420 104575 0.5928288
420 105533 0.5982596
420 105325 0.59708047
420 104953 0.59497166
420 103882 0.5889002
420 104377 0.59170634
420 106181 0.6019331
420 105550 0.598356
420 104883 0.5945748
420 104887 0.5945975
420 103324 0.585737
420 105647 0.5989059
420 105658 0.59896827
420 102986 0.5838209
420 104470 0.59223354
420 104931 0.59484696
420 106704 0.604898
420 103409 0.58621883
420 104907 0.5947109
420 104848 0.59437644
420 104830 0.5942744
420 105532 0.59825397
420 103170 0.58486396
420 104592 0.5929252
420 105421 0.5976247
420 105744 0.5994558
420 104689 0.59347504
420 105320 0.59705216
420 105481 0.5979648
420 103333 0.585788
420 104560 0.59274375
420 102959 0.5836678
420 106494 0.6037075
420 103270 0.58543086
420 105075 0.59566325
420 104520 0.592517
420 104809 0.5941553
420 104795 0.594076
420 103749 0.58814627
420 102403 0.58051586
420 103955 0.58931404
420 105441 0.5977381
420 105113 0.59587866
420 104091 0.590085
420 104992 0.59519273
420 105446 0.59776646
420 105530 0.59824264
420 102299 0.5799263
420 104089 0.5900737
420 106484 0.6036508
420 103632 0.587483
420 104761 0.5938832
420 104878 0.5945465
420 103281 0.5854932
420 103909 0.5890533
420 104944 0.59492064
420 105667 0.5990193
420 103367 0.5859807
420 103329 0.5857653
420 105549 0.59835035
420 105492 0.5980272
420 104677 0.59340703
420 106259 0.60237527
420 104424 0.59197277
420 104418 0.5919388
420 104185 0.5906179
420 104170 0.5905329
420 102548 0.58133787
420 105974 0.6007596
420 104245 0.59095806
420 103548 0.5870068
420 103326 0.5857483
420 104212 0.59077096
420 105547 0.598339
420 105388 0.5974376
420 104407 0.5918764
420 104668 0.593356
420 104671 0.593373
420 107197 0.6076927

Size : 430
430 109974 0.59477556
430 111632 0.60374254
430 110262 0.59633315
430 108990 0.58945376
430 107186 0.57969713
430 109432 0.59184426
430 109124 0.5901785
430 109492 0.59216875
430 110999 0.6003191
430 110337 0.59673876
430 109882 0.594278
430 108996 0.5894862
430 110880 0.5996755
430 110969 0.60015684
430 110272 0.5963872
430 111957 0.6055003
430 109431 0.59183884
430 110969 0.60015684
430 108970 0.5893456
430 110915 0.5998648
430 110096 0.5954354
430 110049 0.59518117
430 108394 0.5862304
430 110054 0.5952082
430 112050 0.6060032
430 109298 0.5911195
430 109442 0.5918983
430 110616 0.5982477
430 108785 0.58834505
430 109513 0.5922823
430 112008 0.6057761
430 109607 0.5927907
430 110407 0.59711736
430 108831 0.58859384
430 109012 0.5895727
430 109289 0.59107083
430 109494 0.59217954
430 110206 0.5960303
430 108623 0.5874689
430 109984 0.5948296
430 109773 0.5936885
430 110244 0.5962358
430 108410 0.58631694
430 109151 0.5903245
430 108584 0.587258
430 110001 0.5949216
430 111327 0.60209304
430 110779 0.59912926
430 110872 0.59963226
430 108896 0.5889454
430 109567 0.59257436
430 109065 0.58985937
430 110288 0.59647375
430 108069 0.5844727
430 109471 0.59205514
430 109337 0.59133047
430 110444 0.59731746
430 109897 0.5943591
430 109166 0.59040564
430 110314 0.59661436
430 111724 0.6042401
430 109841 0.59405625
430 111485 0.60294753
430 110547 0.5978745
430 109149 0.5903137
430 108527 0.5869497
430 108861 0.5887561
430 109333 0.59130883
430 109787 0.5937642
430 109095 0.5900216
430 110099 0.5954516
430 109681 0.5931909
430 110943 0.60001624
430 109668 0.59312063
430 108222 0.58530015
430 109137 0.59024876
430 110294 0.59650624
430 109020 0.589616
430 109802 0.5938453
430 109679 0.5931801
430 112056 0.6060357
430 110760 0.5990265
430 108882 0.58886963
430 109736 0.5934884
430 111563 0.6033694
430 110676 0.5985722
430 110319 0.5966414
430 109661 0.5930827
430 110023 0.59504056
430 110881 0.5996809
430 112127 0.6064197
430 107151 0.5795078
430 109419 0.5917739
430 110703 0.5987182
430 110424 0.5972093
430 110104 0.59547865
430 109048 0.58976746
430 109646 0.5930016
430 108831 0.58859384
430 108684 0.58779883

Size : 440
440 114256 0.5901653
440 113123 0.58431304
440 115000 0.59400827
440 113442 0.58596075
440 115576 0.5969835
440 114638 0.5921384
440 114066 0.58918387
440 112627 0.58175105
440 114528 0.59157026
440 115345 0.59579027
440 115348 0.59580576
440 113452 0.5860124
440 114624 0.5920661
440 112878 0.5830475
440 115145 0.59475726
440 114422 0.59102273
440 115432 0.5962397
440 115942 0.598874
440 115423 0.5961932
440 115167 0.59487087
440 113361 0.5855424
440 113565 0.5865961
440 113413 0.58581096
440 116293 0.60068697
440 113886 0.58825415
440 115778 0.5980269
440 114875 0.5933626
440 113772 0.58766526
440 112698 0.5821178
440 113874 0.58819216
440 114285 0.5903151
440 114766 0.5927996
440 113995 0.5888171
440 113090 0.58414257
440 113659 0.5870816
440 112233 0.5797159
440 113555 0.5865444
440 114921 0.5936002
440 114002 0.5888533
440 113820 0.5879132
440 115277 0.5954391
440 116199 0.6002014
440 115080 0.5944215
440 113601 0.58678204
440 114466 0.59125
440 114127 0.589499
440 114304 0.5904132
440 112924 0.58328515
440 114630 0.5920971
440 114825 0.59310436
440 115614 0.5971798
440 115348 0.59580576
440 115553 0.59686464
440 114920 0.593595
440 114694 0.5924277
440 114064 0.58917356
440 113397 0.5857283
440 115685 0.59754646
440 116080 0.5995868
440 115422 0.596188
440 114642 0.5921591
440 115417 0.5961622
440 115492 0.5965496
440 116678 0.6026756
440 113638 0.58697313
440 115287 0.5954907
440 114245 0.59010845
440 114035 0.58902377
440 115861 0.5984556
440 114632 0.5921074
440 116649 0.60252583
440 114856 0.59326446
440 115100 0.5945248
440 113201 0.5847159
440 113991 0.5887965
440 114391 0.59086263
440 116125 0.59981924
440 114863 0.59330064
440 114289 0.5903357
440 112261 0.5798605
440 114887 0.59342456
440 116124 0.59981406
440 115249 0.5952944
440 115523 0.5967097
440 115937 0.59884816
440 117015 0.6044163
440 115791 0.598094
440 116861 0.6036209
440 114631 0.5921023
440 114644 0.5921694
440 115660 0.59741735
440 115171 0.59489155
440 114677 0.5923399
440 115664 0.59743804
440 113883 0.58823866
440 115914 0.5987293
440 113109 0.5842407
440 113658 0.5870764
440 115211 0.59509814
440 114117 0.5894473

Size : 450
450 121184 0.5984395
450 120637 0.5957383
450 122451 0.6046963
450 119127 0.58828145
450 120550 0.59530866
450 120659 0.5958469
450 120267 0.5939111
450 121623 0.6006074
450 121040 0.5977284
450 118382 0.5846025
450 122236 0.6036346
450 118831 0.58681977
450 119392 0.58959013
450 121514 0.60006917
450 120419 0.5946617
450 120922 0.5971457
450 120171 0.593437
450 119088 0.58808887
450 119316 0.5892148
450 119888 0.5920395
450 122142 0.6031704
450 118299 0.5841926
450 120024 0.5927111
450 119700 0.5911111
450 119538 0.5903111
450 120590 0.5955062
450 119524 0.59024197
450 119867 0.5919358
450 120608 0.59559506
450 118570 0.5855309
450 120073 0.5929531
450 120897 0.59702224
450 120098 0.5930765
450 119950 0.59234565
450 122086 0.6028938
450 119066 0.5879803
450 121053 0.59779257
450 121428 0.5996444
450 119471 0.58998024
450 120022 0.59270126
450 118480 0.5850864
450 118787 0.58660245
450 119264 0.588958
450 119071 0.58800495
450 119916 0.59217775
450 120684 0.5959704
450 121403 0.599521
450 120906 0.59706664
450 120522 0.5951704
450 119984 0.59251356
450 120285 0.594
450 119887 0.5920346
450 119676 0.59099257
450 121613 0.60055804
450 120500 0.5950617
450 120385 0.5944938
450 120328 0.59421235
450 121470 0.59985185
450 119398 0.58961976
450 121097 0.5980099
450 120547 0.5952938
450 119471 0.58998024
450 119655 0.5908889
450 121652 0.6007506
450 119215 0.58871603
450 118594 0.5856494
450 120649 0.59579754
450 120904 0.5970568
450 120709 0.59609383
450 120905 0.59706175
450 120521 0.59516543
450 120107 0.593121
450 120000 0.5925926
450 121596 0.60047406
450 120103 0.59310126
450 118863 0.5869778
450 120002 0.5926025
450 120093 0.59305185
450 121096 0.59800494
450 119538 0.5903111
450 121459 0.59979755
450 119355 0.5894074
450 119222 0.5887506
450 122005 0.6024938
450 120633 0.5957185
450 118514 0.5852543
450 120920 0.5971358
450 118313 0.5842617
450 121610 0.6005432
450 120820 0.59664196
450 121670 0.6008395
450 120042 0.5928
450 119977 0.592479
450 120193 0.5935457
450 124351 0.614079
450 120246 0.5938074
450 120366 0.5944
450 121173 0.5983852
450 118342 0.58440495
450 120616 0.5956346

Size : 460
460 124117 0.58656424
460 125552 0.59334594
460 125187 0.591621
460 125639 0.5937571
460 126362 0.5971739
460 124469 0.5882278
460 125183 0.5916021
460 127122 0.6007656
460 128017 0.60499525
460 127893 0.6044093
460 126607 0.59833175
460 126509 0.5978686
460 127209 0.60117674
460 124772 0.58965975
460 124789 0.5897401
460 125547 0.5933223
460 124096 0.586465
460 124715 0.58939034
460 127085 0.60059077
460 124489 0.5883223
460 125462 0.5929206
460 126025 0.5955813
460 125888 0.5949338
460 127082 0.6005766
460 127110 0.6007089
460 124080 0.5863894
460 125308 0.5921928
460 124119 0.5865737
460 126521 0.5979253
460 123795 0.58504254
460 126579 0.5981994
460 125659 0.5938516
460 124416 0.5879773
460 125433 0.5927836
460 125827 0.59464556
460 125909 0.5950331
460 123512 0.5837051
460 125025 0.59085536
460 125124 0.59132326
460 125335 0.59232044
460 124734 0.58948016
460 125854 0.5947732
460 127213 0.60119563
460 124928 0.590397
460 126664 0.59860116
460 123630 0.5842628
460 125739 0.5942297
460 126729 0.5989083
460 125560 0.5933837
460 124845 0.59000474
460 126770 0.5991021
460 126667 0.5986153
460 126033 0.5956191
460 124057 0.5862807
460 125349 0.5923866
460 124981 0.59064746
460 127652 0.6032703
460 125088 0.59115314
460 124973 0.59060967
460 127294 0.6015785
460 126116 0.59601134
460 123731 0.5847401
460 125452 0.59287333
460 125026 0.5908601
460 125167 0.59152645
460 123928 0.58567107
460 126981 0.60009927
460 126544 0.598034
460 123857 0.58533555
460 124318 0.58751416
460 126439 0.5975378
460 123344 0.58291113
460 121570 0.5745274
460 126417 0.59743387
460 125949 0.5952221
460 126046 0.59568053
460 124333 0.5875851
460 124819 0.58988184
460 125263 0.59198016
460 125623 0.59368145
460 125887 0.5949291
460 124759 0.5895983
460 124233 0.5871125
460 125765 0.59435254
460 125133 0.5913658
460 125740 0.5942344
460 124846 0.59000945
460 123046 0.58150285
460 124512 0.588431
460 126858 0.59951794
460 124557 0.58864367
460 127178 0.60103023
460 125058 0.59101135
460 126592 0.5982609
460 124807 0.58982515
460 126713 0.5988327
460 126360 0.59716445
460 127403 0.6020936
460 128794 0.6086673
460 124221 0.58705574

Size : 470
470 130252 0.58964235
470 131314 0.59445
470 132057 0.5978135
470 131356 0.59464014
470 129456 0.58603895
470 130635 0.5913762
470 130492 0.5907288
470 130464 0.5906021
470 130746 0.59187865
470 131404 0.5948574
470 130784 0.59205073
470 132282 0.5988321
470 130531 0.59090537
470 131927 0.597225
470 130146 0.5891625
470 132774 0.6010593
470 130185 0.5893391
470 129310 0.585378
470 131641 0.5959303
470 130720 0.591761
470 130418 0.59039384
470 132517 0.5998959
470 130188 0.58935267
470 128908 0.58355814
470 128660 0.5824355
470 130435 0.5904708
470 131273 0.5942644
470 128735 0.582775
470 131862 0.59693074
470 132501 0.5998235
470 130184 0.58933455
470 130619 0.59130377
470 129769 0.58745587
470 131886 0.5970394
470 131393 0.5948076
470 131100 0.59348124
470 131780 0.5965595
470 131692 0.5961612
470 131806 0.59667724
470 129971 0.5883703
470 131026 0.5931462
470 130006 0.58852875
470 130215 0.58947486
470 129683 0.58706653
470 130738 0.5918425
470 129132 0.5845722
470 130698 0.5916614
470 132061 0.5978316
470 131693 0.59616566
470 130761 0.5919466
470 131207 0.5939656
470 133919 0.60624266
470 130683 0.5915935
470 130918 0.5926573
470 129590 0.58664554
470 130974 0.5929108
470 130569 0.5910774
470 130132 0.58909917
470 131445 0.595043
470 129900 0.5880489
470 130040 0.58868265
470 131720 0.5962879
470 133653 0.60503846
470 130110 0.58899957
470 129779 0.5875011
470 129785 0.5875283
470 129650 0.58691716
470 129838 0.5877682
470 132081 0.59792215
470 133226 0.6031055
470 129384 0.58571297
470 130822 0.59222275
470 128837 0.58323675
470 130282 0.5897782
470 131375 0.59472615
470 132472 0.59969217
470 132537 0.59998643
470 132402 0.5993753
470 132392 0.59933
470 130645 0.5914215
470 129691 0.5871028
470 130258 0.5896695
470 129865 0.58789045
470 131987 0.5974966
470 130672 0.5915437
470 130432 0.5904572
470 131307 0.5944183
470 129429 0.5859167
470 130243 0.58960164
470 130948 0.5927931
470 133695 0.6052286
470 132000 0.59755546
470 131061 0.59330463
470 130690 0.59162515
470 129773 0.587474
470 132306 0.5989407
470 132771 0.6010457
470 130987 0.59296966
470 130257 0.589665
470 131140 0.59366226

Size : 480
480 136351 0.5918012
480 134708 0.5846701
480 133581 0.5797787
480 136485 0.5923828
480 136178 0.5910503
480 136798 0.5937413
480 136475 0.5923394
480 135629 0.5886675
480 137472 0.5966667
480 136109 0.5907509
480 135355 0.5874783
480 137170 0.5953559
480 134069 0.5818967
480 136593 0.5928516
480 136522 0.5925434
480 137685 0.59759116
480 136499 0.5924436
480 136618 0.59296006
480 137006 0.59464407
480 133475 0.5793186
480 137500 0.59678817
480 136010 0.5903212
480 136678 0.5932205
480 137404 0.59637153
480 140716 0.6107465
480 136957 0.5944314
480 138158 0.5996441
480 135937 0.5900043
480 135636 0.5886979
480 137468 0.5966493
480 135598 0.588533
480 134430 0.58346355
480 138109 0.5994314
480 136014 0.5903385
480 134833 0.58521265
480 137497 0.5967752
480 135887 0.5897873
480 137077 0.5949523
480 134655 0.5844401
480 136138 0.59087676
480 135218 0.58688366
480 137980 0.5988715
480 136305 0.59160155
480 137924 0.59862846
480 137921 0.59861547
480 137868 0.5983854
480 136412 0.592066
480 135893 0.58981335
480 135899 0.5898394
480 135647 0.58874565
480 136393 0.5919835
480 137408 0.5963889
480 136478 0.59235245
480 136598 0.5928733
480 135090 0.58632815
480 138364 0.6005382
480 135920 0.58993053
480 136062 0.59054685
480 135110 0.58641493
480 137548 0.59699655
480 134017 0.581671
480 136189 0.59109807
480 137123 0.5951519
480 135939 0.590013
480 137920 0.5986111
480 135500 0.58810765
480 137634 0.5973698
480 135981 0.5901953
480 134343 0.58308595
480 137111 0.5950998
480 137910 0.5985677
480 136757 0.5935634
480 136625 0.59299046
480 137278 0.59582466
480 136004 0.59029514
480 137259 0.59574217
480 137273 0.59580296
480 138004 0.5989757
480 135787 0.5893533
480 136880 0.5940972
480 136489 0.5924002
480 136551 0.59266925
480 136523 0.5925477
480 139764 0.6066146
480 138512 0.60118055
480 136693 0.59328556
480 137197 0.5954731
480 136284 0.5915104
480 136252 0.59137154
480 137474 0.59667534
480 137977 0.59885854
480 138127 0.59950954
480 135411 0.58772135
480 137636 0.5973785
480 137354 0.5961545
480 138668 0.60185766
480 134864 0.58534724
480 135344 0.58743054
480 136577 0.59278214
480 137662 0.5974913

Size : 490
490 142112 0.5918867
490 141863 0.59084964
490 141738 0.59032905
490 141845 0.59077466
490 142411 0.593132
490 143508 0.59770095
490 141844 0.5907705
490 141505 0.5893586
490 144380 0.6013328
490 142138 0.591995
490 140888 0.58678883
490 142222 0.5923449
490 144230 0.60070807
490 141905 0.5910246
490 142274 0.5925614
490 143282 0.5967597
490 144068 0.60003334
490 142952 0.59538525
490 143204 0.59643483
490 144157 0.600404
490 140555 0.5854019
490 142422 0.59317786
490 142178 0.5921616
490 143822 0.59900874
490 140413 0.5848105
490 143283 0.59676385
490 143893 0.59930444
490 142901 0.5951728
490 141478 0.58924615
490 141849 0.59079134
490 141807 0.5906164
490 141442 0.5890962
490 141615 0.58981675
490 140310 0.5843815
490 141946 0.59119534
490 143158 0.5962432
490 142843 0.5949313
490 145046 0.6041066
490 143624 0.5981841
490 142701 0.59433985
490 142447 0.593282
490 143726 0.5986089
490 141320 0.58858806
490 144675 0.6025614
490 141026 0.5873636
490 141408 0.5889546
490 142616 0.59398586
490 142212 0.5923032
490 142214 0.59231156
490 141635 0.5899
490 142262 0.5925115
490 144035 0.5998959
490 146006 0.60810494
490 140684 0.58593917
490 143725 0.59860474
490 142854 0.5949771
490 141815 0.5906497
490 143109 0.5960392
490 141839 0.5907497
490 144015 0.59981257
490 142122 0.59192836
490 143090 0.59596
490 142482 0.5934277
490 141672 0.59005415
490 139850 0.58246565
490 142939 0.59533113
490 142489 0.59345686
490 142603 0.5939317
490 142183 0.5921824
490 143273 0.5967222
490 142479 0.59341526
490 143933 0.59947103
490 142950 0.5953769
490 143996 0.5997335
490 143183 0.59634733
490 141320 0.58858806
490 142337 0.5928238
490 140562 0.5854311
490 143247 0.5966139
490 141636 0.5899042
490 141403 0.58893377
490 143137 0.59615576
490 141442 0.5890962
490 139817 0.5823282
490 142519 0.59358186
490 140065 0.5833611
490 140735 0.5861516
490 143969 0.599621
490 143743 0.5986797
490 142154 0.59206164
490 144479 0.6017451
490 143324 0.5969346
490 142258 0.5924948
490 141529 0.5894586
490 142549 0.5937068
490 141502 0.5893461
490 141897 0.59099126
490 142880 0.5950854
490 141451 0.5891337
490 142958 0.5954102

Size : 500
500 147117 0.588468
500 148285 0.59314
500 146258 0.585032
500 149142 0.596568
500 150037 0.600148
500 146433 0.585732
500 150584 0.602336
500 149427 0.597708
500 147508 0.590032
500 148068 0.592272
500 149054 0.596216
500 151056 0.604224
500 150496 0.601984
500 147600 0.5904
500 148614 0.594456
500 146764 0.587056
500 148946 0.595784
500 149199 0.596796
500 149171 0.596684
500 149775 0.5991
500 149460 0.59784
500 149108 0.596432
500 148954 0.595816
500 149548 0.598192
500 148454 0.593816
500 148079 0.592316
500 146104 0.584416
500 150025 0.6001
500 150640 0.60256
500 147118 0.588472
500 148941 0.595764
500 147602 0.590408
500 147206 0.588824
500 147806 0.591224
500 147259 0.589036
500 147265 0.58906
500 149168 0.596672
500 146713 0.586852
500 146208 0.584832
500 148544 0.594176
500 149767 0.599068
500 147400 0.5896
500 148076 0.592304
500 147387 0.589548
500 146634 0.586536
500 148033 0.592132
500 148390 0.59356
500 146559 0.586236
500 147063 0.588252
500 148120 0.59248
500 148481 0.593924
500 147750 0.591
500 148698 0.594792
500 146913 0.587652
500 149066 0.596264
500 148039 0.592156
500 145850 0.5834
500 149553 0.598212
500 149124 0.596496
500 148249 0.592996
500 146445 0.58578
500 144249 0.576996
500 149409 0.597636
500 149853 0.599412
500 146660 0.58664
500 148854 0.595416
500 147642 0.590568
500 149287 0.597148
500 147713 0.590852
500 148541 0.594164
500 148704 0.594816
500 148776 0.595104
500 149032 0.596128
500 149114 0.596456
500 145476 0.581904
500 145896 0.583584
500 148686 0.594744
500 148242 0.592968
500 147177 0.588708
500 147779 0.591116
500 147922 0.591688
500 148949 0.595796
500 148594 0.594376
500 148448 0.593792
500 148436 0.593744
500 145661 0.582644
500 148218 0.592872
500 148618 0.594472
500 148401 0.593604
500 147463 0.589852
500 148886 0.595544
500 148991 0.595964
500 146888 0.587552
500 148203 0.592812
500 149001 0.596004
500 148039 0.592156
500 145469 0.581876
500 149178 0.596712
500 149398 0.597592
500 148891 0.595564
