Runs: 500
Size : 50
50 1443 0.5772
50 1660 0.664
50 1494 0.5976
50 1489 0.5956
50 1481 0.5924
50 1514 0.6056
50 1511 0.6044
50 1596 0.6384
50 1449 0.5796
50 1451 0.5804
50 1526 0.6104
50 1463 0.5852
50 1424 0.5696
50 1431 0.5724
50 1405 0.562
50 1421 0.5684
50 1490 0.596
50 1548 0.6192
50 1436 0.5744
50 1493 0.5972
50 1451 0.5804
50 1413 0.5652
50 1577 0.6308
50 1462 0.5848
50 1482 0.5928
50 1448 0.5792
50 1528 0.6112
50 1551 0.6204
50 1497 0.5988
50 1439 0.5756
50 1454 0.5816
50 1474 0.5896
50 1507 0.6028
50 1529 0.6116
50 1495 0.598
50 1355 0.542
50 1505 0.602
50 1366 0.5464
50 1444 0.5776
50 1583 0.6332
50 1580 0.632
50 1479 0.5916
50 1462 0.5848
50 1446 0.5784
50 1455 0.582
50 1400 0.56
50 1408 0.5632
50 1544 0.6176
50 1547 0.6188
50 1436 0.5744
50 1457 0.5828
50 1505 0.602
50 1415 0.566
50 1532 0.6128
50 1664 0.6656
50 1552 0.6208
50 1378 0.5512
50 1497 0.5988
50 1593 0.6372
50 1498 0.5992
50 1436 0.5744
50 1404 0.5616
50 1447 0.5788
50 1451 0.5804
50 1710 0.684
50 1370 0.548
50 1449 0.5796
50 1453 0.5812
50 1445 0.578
50 1409 0.5636
50 1377 0.5508
50 1495 0.598
50 1495 0.598
50 1536 0.6144
50 1489 0.5956
50 1476 0.5904
50 1453 0.5812
50 1391 0.5564
50 1384 0.5536
50 1464 0.5856
50 1422 0.5688
50 1512 0.6048
50 1482 0.5928
50 1477 0.5908
50 1393 0.5572
50 1557 0.6228
50 1498 0.5992
50 1448 0.5792
50 1444 0.5776
50 1504 0.6016
50 1529 0.6116
50 1462 0.5848
50 1575 0.63
50 1501 0.6004
50 1494 0.5976
50 1404 0.5616
50 1506 0.6024
50 1452 0.5808
50 1433 0.5732
50 1525 0.61
50 1531 0.6124
50 1427 0.5708
50 1404 0.5616
50 1433 0.5732
50 1382 0.5528
50 1486 0.5944
50 1391 0.5564
50 1421 0.5684
50 1480 0.592
50 1431 0.5724
50 1527 0.6108
50 1577 0.6308
50 1446 0.5784
50 1451 0.5804
50 1492 0.5968
50 1613 0.6452
50 1492 0.5968
50 1573 0.6292
50 1555 0.622
50 1441 0.5764
50 1561 0.6244
50 1409 0.5636
50 1556 0.6224
50 1553 0.6212
50 1511 0.6044
50 1544 0.6176
50 1493 0.5972
50 1446 0.5784
50 1504 0.6016
50 1486 0.5944
50 1464 0.5856
50 1432 0.5728
50 1469 0.5876
50 1518 0.6072
50 1460 0.584
50 1442 0.5768
50 1526 0.6104
50 1475 0.59
50 1459 0.5836
50 1557 0.6228
50 1448 0.5792
50 1569 0.6276
50 1491 0.5964
50 1537 0.6148
50 1322 0.5288
50 1373 0.5492
50 1470 0.588
50 1526 0.6104
50 1509 0.6036
50 1487 0.5948
50 1393 0.5572
50 1441 0.5764
50 1469 0.5876
50 1443 0.5772
50 1475 0.59
50 1392 0.5568
50 1496 0.5984
50 1493 0.5972
50 1501 0.6004
50 1563 0.6252
50 1533 0.6132
50 1514 0.6056
50 1390 0.556
50 1522 0.6088
50 1397 0.5588
50 1517 0.6068
50 1450 0.58
50 1406 0.5624
50 1443 0.5772
50 1485 0.594
50 1350 0.54
50 1486 0.5944
50 1453 0.5812
50 1595 0.638
50 1502 0.6008
50 1415 0.566
50 1601 0.6404
50 1523 0.6092
50 1559 0.6236
50 1392 0.5568
50 1570 0.628
50 1471 0.5884
50 1458 0.5832
50 1512 0.6048
50 1466 0.5864
50 1450 0.58
50 1479 0.5916
50 1394 0.5576
50 1619 0.6476
50 1568 0.6272
50 1620 0.648
50 1475 0.59
50 1494 0.5976
50 1467 0.5868
50 1553 0.6212
50 1346 0.5384
50 1371 0.5484
50 1503 0.6012
50 1382 0.5528
50 1420 0.568
50 1482 0.5928
50 1491 0.5964
50 1511 0.6044
50 1470 0.588
50 1545 0.618
50 1526 0.6104
50 1436 0.5744
50 1480 0.592
50 1281 0.5124
50 1490 0.596
50 1512 0.6048
50 1471 0.5884
50 1563 0.6252
50 1507 0.6028
50 1470 0.588
50 1485 0.594
50 1427 0.5708
50 1449 0.5796
50 1457 0.5828
50 1475 0.59
50 1549 0.6196
50 1514 0.6056
50 1445 0.578
50 1382 0.5528
50 1541 0.6164
50 1424 0.5696
50 1451 0.5804
50 1415 0.566
50 1397 0.5588
50 1410 0.564
50 1420 0.568
50 1594 0.6376
50 1441 0.5764
50 1439 0.5756
50 1461 0.5844
50 1501 0.6004
50 1501 0.6004
50 1455 0.582
50 1502 0.6008
50 1488 0.5952
50 1475 0.59
50 1450 0.58
50 1551 0.6204
50 1507 0.6028
50 1484 0.5936
50 1449 0.5796
50 1526 0.6104
50 1463 0.5852
50 1479 0.5916
50 1524 0.6096
50 1509 0.6036
50 1548 0.6192
50 1514 0.6056
50 1530 0.612
50 1460 0.584
50 1425 0.57
50 1475 0.59
50 1446 0.5784
50 1495 0.598
50 1438 0.5752
50 1448 0.5792
50 1466 0.5864
50 1489 0.5956
50 1491 0.5964
50 1502 0.6008
50 1490 0.596
50 1484 0.5936
50 1504 0.6016
50 1552 0.6208
50 1486 0.5944
50 1406 0.5624
50 1505 0.602
50 1471 0.5884
50 1499 0.5996
50 1480 0.592
50 1259 0.5036
50 1516 0.6064
50 1347 0.5388
50 1558 0.6232
50 1579 0.6316
50 1457 0.5828
50 1524 0.6096
50 1497 0.5988
50 1497 0.5988
50 1445 0.578
50 1499 0.5996
50 1394 0.5576
50 1470 0.588
50 1447 0.5788
50 1552 0.6208
50 1416 0.5664
50 1475 0.59
50 1427 0.5708
50 1455 0.582
50 1459 0.5836
50 1297 0.5188
50 1586 0.6344
50 1425 0.57
50 1584 0.6336
50 1483 0.5932
50 1491 0.5964
50 1514 0.6056
50 1451 0.5804
50 1470 0.588
50 1474 0.5896
50 1478 0.5912
50 1406 0.5624
50 1519 0.6076
50 1424 0.5696
50 1557 0.6228
50 1461 0.5844
50 1510 0.604
50 1563 0.6252
50 1494 0.5976
50 1507 0.6028
50 1432 0.5728
50 1400 0.56
50 1355 0.542
50 1622 0.6488
50 1484 0.5936
50 1379 0.5516
50 1523 0.6092
50 1577 0.6308
50 1426 0.5704
50 1493 0.5972
50 1472 0.5888
50 1484 0.5936
50 1524 0.6096
50 1470 0.588
50 1531 0.6124
50 1457 0.5828
50 1466 0.5864
50 1400 0.56
50 1430 0.572
50 1452 0.5808
50 1437 0.5748
50 1466 0.5864
50 1605 0.642
50 1521 0.6084
50 1368 0.5472
50 1490 0.596
50 1419 0.5676
50 1455 0.582
50 1472 0.5888
50 1473 0.5892
50 1400 0.56
50 1439 0.5756
50 1494 0.5976
50 1422 0.5688
50 1543 0.6172
50 1562 0.6248
50 1514 0.6056
50 1503 0.6012
50 1446 0.5784
50 1556 0.6224
50 1427 0.5708
50 1552 0.6208
50 1634 0.6536
50 1430 0.572
50 1669 0.6676
50 1653 0.6612
50 1478 0.5912
50 1512 0.6048
50 1446 0.5784
50 1493 0.5972
50 1542 0.6168
50 1578 0.6312
50 1464 0.5856
50 1576 0.6304
50 1378 0.5512
50 1493 0.5972
50 1443 0.5772
50 1506 0.6024
50 1408 0.5632
50 1509 0.6036
50 1508 0.6032
50 1551 0.6204
50 1510 0.604
50 1482 0.5928
50 1422 0.5688
50 1560 0.624
50 1458 0.5832
50 1481 0.5924
50 1388 0.5552
50 1501 0.6004
50 1451 0.5804
50 1515 0.606
50 1398 0.5592
50 1417 0.5668
50 1462 0.5848
50 1467 0.5868
50 1417 0.5668
50 1349 0.5396
50 1500 0.6
50 1435 0.574
50 1433 0.5732
50 1409 0.5636
50 1518 0.6072
50 1394 0.5576
50 1378 0.5512
50 1524 0.6096
50 1546 0.6184
50 1391 0.5564
50 1442 0.5768
50 1422 0.5688
50 1512 0.6048
50 1489 0.5956
50 1358 0.5432
50 1294 0.5176
50 1520 0.608
50 1468 0.5872
50 1365 0.546
50 1525 0.61
50 1507 0.6028
50 1420 0.568
50 1468 0.5872
50 1515 0.606
50 1525 0.61
50 1526 0.6104
50 1444 0.5776
50 1430 0.572
50 1447 0.5788
50 1557 0.6228
50 1403 0.5612
50 1537 0.6148
50 1458 0.5832
50 1405 0.562
50 1529 0.6116
50 1459 0.5836
50 1494 0.5976
50 1470 0.588
50 1454 0.5816
50 1409 0.5636
50 1458 0.5832
50 1483 0.5932
50 1497 0.5988
50 1550 0.62
50 1500 0.6
50 1321 0.5284
50 1507 0.6028
50 1502 0.6008
50 1487 0.5948
50 1515 0.606
50 1420 0.568
50 1467 0.5868
50 1524 0.6096
50 1385 0.554
50 1520 0.608
50 1506 0.6024
50 1427 0.5708
50 1576 0.6304
50 1442 0.5768
50 1488 0.5952
50 1438 0.5752
50 1476 0.5904
50 1562 0.6248
50 1414 0.5656
50 1552 0.6208
50 1482 0.5928
50 1534 0.6136
50 1347 0.5388
50 1494 0.5976
50 1462 0.5848
50 1619 0.6476
50 1415 0.566
50 1498 0.5992
50 1445 0.578
50 1499 0.5996
50 1466 0.5864
50 1541 0.6164
50 1442 0.5768
50 1427 0.5708
50 1473 0.5892
50 1405 0.562
50 1629 0.6516
50 1532 0.6128
50 1438 0.5752
50 1403 0.5612
50 1481 0.5924
50 1390 0.556
50 1462 0.5848
50 1506 0.6024
50 1395 0.558
50 1489 0.5956
50 1365 0.546
50 1236 0.4944
50 1517 0.6068
50 1424 0.5696
50 1503 0.6012
50 1510 0.604
50 1495 0.598
50 1494 0.5976
50 1367 0.5468
50 1536 0.6144
50 1546 0.6184
50 1447 0.5788
50 1341 0.5364
50 1455 0.582
50 1527 0.6108
50 1506 0.6024

Size : 55
55 1784 0.5897521
55 1793 0.59272724
55 1850 0.61157024
55 1866 0.6168595
55 1696 0.56066114
55 1832 0.60561985
55 1867 0.61719006
55 1823 0.6026446
55 1803 0.59603304
55 1720 0.56859505
55 1841 0.608595
55 1724 0.5699174
55 1808 0.59768593
55 1770 0.58512396
55 1777 0.587438
55 1832 0.60561985
55 1751 0.578843
55 1781 0.5887603
55 1738 0.57454544
55 1803 0.59603304
55 1767 0.58413225
55 1942 0.64198345
55 1850 0.61157024
55 1794 0.5930579
55 1715 0.56694216
55 1724 0.5699174
55 1824 0.6029752
55 1687 0.557686
55 1892 0.62545455
55 1802 0.59570247
55 1788 0.5910744
55 1693 0.55966944
55 1919 0.63438016
55 1764 0.5831405
55 1676 0.5540496
55 1792 0.5923967
55 1712 0.5659504
55 1727 0.5709091
55 1712 0.5659504
55 1769 0.5847934
55 1799 0.59471077
55 1867 0.61719006
55 1784 0.5897521
55 1815 0.6
55 1720 0.56859505
55 1770 0.58512396
55 1844 0.6095868
55 1793 0.59272724
55 1892 0.62545455
55 1838 0.6076033
55 1861 0.6152066
55 1809 0.5980165
55 1620 0.5355372
55 1812 0.59900826
55 1698 0.56132233
55 1939 0.64099175
55 1858 0.6142149
55 1801 0.5953719
55 1742 0.5758678
55 1856 0.6135537
55 1770 0.58512396
55 1792 0.5923967
55 1752 0.57917356
55 1648 0.54479337
55 1853 0.612562
55 1736 0.5738843
55 1724 0.5699174
55 1809 0.5980165
55 1832 0.60561985
55 1893 0.6257851
55 1833 0.6059504
55 1840 0.60826445
55 1795 0.59338844
55 1836 0.6069422
55 1867 0.61719006
55 1790 0.59173554
55 1739 0.574876
55 1862 0.61553717
55 1820 0.6016529
55 1740 0.57520664
55 1802 0.59570247
55 1845 0.60991734
55 1736 0.5738843
55 1793 0.59272724
55 1833 0.6059504
55 1726 0.5705785
55 1846 0.6102479
55 1859 0.61454546
55 1717 0.5676033
55 1809 0.5980165
55 1622 0.5361983
55 1875 0.6198347
55 1802 0.59570247
55 1731 0.5722314
55 1752 0.57917356
55 1850 0.61157024
55 1829 0.6046281
55 1865 0.6165289
55 1739 0.574876
55 1686 0.55735534
55 1849 0.6112397
55 1791 0.5920661
55 1706 0.56396693
55 1831 0.6052893
55 1780 0.58842975
55 1703 0.5629752
55 1773 0.5861157
55 1819 0.6013223
55 1804 0.59636366
55 1761 0.58214873
55 1800 0.59504133
55 1668 0.55140495
55 1839 0.6079339
55 1973 0.6522314
55 1856 0.6135537
55 1817 0.60066116
55 1906 0.63008267
55 1811 0.5986777
55 1793 0.59272724
55 1746 0.5771901
55 1796 0.593719
55 1718 0.56793386
55 1819 0.6013223
55 1826 0.6036364
55 1764 0.5831405
55 1813 0.5993388
55 1706 0.56396693
55 1796 0.593719
55 1822 0.60231405
55 1805 0.59669423
55 1695 0.56033057
55 1844 0.6095868
55 1773 0.5861157
55 1898 0.627438
55 1775 0.58677685
55 1875 0.6198347
55 1901 0.6284298
55 1773 0.5861157
55 1877 0.62049586
55 1881 0.6218182
55 1702 0.5626446
55 1708 0.5646281
55 1783 0.5894215
55 1695 0.56033057
55 1718 0.56793386
55 1874 0.61950415
55 1692 0.55933887
55 1604 0.5302479
55 1720 0.56859505
55 1913 0.6323967
55 1843 0.6092562
55 1833 0.6059504
55 1701 0.56231403
55 1808 0.59768593
55 1829 0.6046281
55 1739 0.574876
55 1722 0.5692562
55 2011 0.6647934
55 1729 0.5715703
55 1774 0.5864463
55 1715 0.56694216
55 1852 0.61223143
55 1815 0.6
55 1587 0.5246281
55 1732 0.572562
55 1911 0.63173556
55 1829 0.6046281
55 1850 0.61157024
55 1840 0.60826445
55 1747 0.57752067
55 1925 0.6363636
55 1700 0.56198347
55 1804 0.59636366
55 1972 0.6519008
55 1584 0.52363634
55 1772 0.58578515
55 1791 0.5920661
55 1878 0.6208264
55 1662 0.5494215
55 1768 0.5844628
55 1736 0.5738843
55 1791 0.5920661
55 1823 0.6026446
55 1939 0.64099175
55 1912 0.63206613
55 1920 0.6347107
55 1836 0.6069422
55 1776 0.5871074
55 1904 0.6294215
55 1847 0.61057854
55 1754 0.5798347
55 1771 0.5854545
55 1740 0.57520664
55 1923 0.6357025
55 1779 0.5880992
55 1860 0.61487603
55 1808 0.59768593
55 1889 0.6244628
55 1717 0.5676033
55 1927 0.6370248
55 1809 0.5980165
55 1719 0.5682645
55 1770 0.58512396
55 1859 0.61454546
55 1752 0.57917356
55 1733 0.57289255
55 1849 0.6112397
55 1913 0.6323967
55 1696 0.56066114
55 1902 0.62876034
55 1805 0.59669423
55 1739 0.574876
55 1785 0.59008265
55 1719 0.5682645
55 1888 0.6241322
55 1830 0.60495865
55 1714 0.5666116
55 1783 0.5894215
55 1760 0.58181816
55 1857 0.61388427
55 1834 0.606281
55 1763 0.5828099
55 1805 0.59669423
55 1801 0.5953719
55 1744 0.5765289
55 1853 0.612562
55 1878 0.6208264
55 1841 0.608595
55 1755 0.58016527
55 1727 0.5709091
55 1867 0.61719006
55 1863 0.6158678
55 1733 0.57289255
55 1711 0.5656198
55 1753 0.57950413
55 1724 0.5699174
55 1701 0.56231403
55 1921 0.6350413
55 1818 0.6009917
55 1776 0.5871074
55 1878 0.6208264
55 1736 0.5738843
55 1849 0.6112397
55 1648 0.54479337
55 1775 0.58677685
55 1672 0.5527273
55 1615 0.5338843
55 1974 0.65256196
55 1796 0.593719
55 1763 0.5828099
55 1848 0.6109091
55 1883 0.6224793
55 1878 0.6208264
55 1931 0.6383471
55 1828 0.6042975
55 1835 0.60661155
55 1797 0.5940496
55 1708 0.5646281
55 1907 0.63041323
55 1922 0.6353719
55 1768 0.5844628
55 1773 0.5861157
55 1712 0.5659504
55 1844 0.6095868
55 1649 0.545124
55 1738 0.57454544
55 1764 0.5831405
55 1831 0.6052893
55 1707 0.5642975
55 1829 0.6046281
55 1749 0.5781818
55 1817 0.60066116
55 1781 0.5887603
55 1850 0.61157024
55 1804 0.59636366
55 1866 0.6168595
55 1728 0.57123965
55 1947 0.64363635
55 1745 0.57685953
55 1698 0.56132233
55 1763 0.5828099
55 1707 0.5642975
55 1907 0.63041323
55 1633 0.53983474
55 1882 0.62214875
55 1879 0.62115705
55 1793 0.59272724
55 1753 0.57950413
55 1740 0.57520664
55 1899 0.6277686
55 1774 0.5864463
55 1692 0.55933887
55 1641 0.54247934
55 1819 0.6013223
55 1796 0.593719
55 1824 0.6029752
55 1818 0.6009917
55 1731 0.5722314
55 1811 0.5986777
55 1881 0.6218182
55 1787 0.5907438
55 1829 0.6046281
55 1677 0.5543802
55 1697 0.56099176
55 1645 0.54380167
55 1773 0.5861157
55 1742 0.5758678
55 1733 0.57289255
55 1872 0.61884296
55 1726 0.5705785
55 1783 0.5894215
55 1669 0.5517355
55 1883 0.6224793
55 1606 0.53090906
55 1807 0.59735537
55 1874 0.61950415
55 1714 0.5666116
55 1800 0.59504133
55 1649 0.545124
55 1772 0.58578515
55 1818 0.6009917
55 1791 0.5920661
55 1664 0.5500826
55 1693 0.55966944
55 1790 0.59173554
55 1781 0.5887603
55 1825 0.60330576
55 1810 0.5983471
55 1848 0.6109091
55 1806 0.5970248
55 1876 0.6201653
55 1710 0.56528926
55 1724 0.5699174
55 1851 0.6119008
55 1794 0.5930579
55 1859 0.61454546
55 1898 0.627438
55 1714 0.5666116
55 1771 0.5854545
55 1699 0.5616529
55 1786 0.5904132
55 1670 0.5520661
55 1662 0.5494215
55 1687 0.557686
55 1789 0.591405
55 1843 0.6092562
55 1834 0.606281
55 1777 0.587438
55 1816 0.6003306
55 1889 0.6244628
55 1814 0.5996694
55 1829 0.6046281
55 1756 0.5804959
55 1731 0.5722314
55 1808 0.59768593
55 1694 0.56
55 1835 0.60661155
55 1692 0.55933887
55 1811 0.5986777
55 1745 0.57685953
55 1769 0.5847934
55 1847 0.61057854
55 1782 0.5890909
55 1874 0.61950415
55 1961 0.64826447
55 1746 0.5771901
55 1715 0.56694216
55 1782 0.5890909
55 1587 0.5246281
55 1620 0.5355372
55 1806 0.5970248
55 1770 0.58512396
55 1759 0.5814876
55 1719 0.5682645
55 1734 0.5732231
55 1995 0.6595041
55 1683 0.55636364
55 1827 0.60396695
55 1715 0.56694216
55 1827 0.60396695
55 1870 0.6181818
55 1812 0.59900826
55 1813 0.5993388
55 1846 0.6102479
55 1863 0.6158678
55 1898 0.627438
55 1775 0.58677685
55 2021 0.66809916
55 1633 0.53983474
55 1872 0.61884296
55 1769 0.5847934
55 1745 0.57685953
55 1736 0.5738843
55 1755 0.58016527
55 1824 0.6029752
55 1832 0.60561985
55 1770 0.58512396
55 1811 0.5986777
55 1731 0.5722314
55 1746 0.5771901
55 1706 0.56396693
55 1864 0.61619836
55 1743 0.57619834
55 1671 0.5523967
55 1835 0.60661155
55 1790 0.59173554
55 1788 0.5910744
55 1872 0.61884296
55 1717 0.5676033
55 1810 0.5983471
55 1769 0.5847934
55 1828 0.6042975
55 1806 0.5970248
55 1853 0.612562
55 1745 0.57685953
55 1880 0.6214876
55 1671 0.5523967
55 1794 0.5930579
55 1779 0.5880992
55 1906 0.63008267
55 1757 0.58082646
55 1870 0.6181818
55 1748 0.57785124
55 1748 0.57785124
55 1841 0.608595
55 1858 0.6142149
55 1808 0.59768593
55 1842 0.60892564
55 1692 0.55933887
55 1741 0.5755372
55 1834 0.606281
55 1729 0.5715703
55 1711 0.5656198
55 1676 0.5540496
55 1816 0.6003306
55 1787 0.5907438
55 1726 0.5705785
55 1626 0.53752065
55 1708 0.5646281
55 1753 0.57950413
55 1818 0.6009917
55 1820 0.6016529
55 1844 0.6095868
55 1882 0.62214875
55 1760 0.58181816
55 1837 0.60727274
55 1857 0.61388427
55 1750 0.5785124
55 1892 0.62545455
55 1824 0.6029752
55 1714 0.5666116
55 1803 0.59603304
55 1921 0.6350413
55 1801 0.5953719
55 1783 0.5894215
55 1793 0.59272724
55 1743 0.57619834
55 1823 0.6026446
55 1847 0.61057854
55 1871 0.6185124
55 1773 0.5861157
55 1821 0.6019835
55 1799 0.59471077
55 1780 0.58842975
55 1684 0.5566942
55 1801 0.5953719
55 1976 0.65322316
55 1729 0.5715703
55 1799 0.59471077
55 1727 0.5709091
55 1751 0.578843
55 1900 0.6280992
55 1797 0.5940496
55 1653 0.54644626
55 1708 0.5646281
55 1786 0.5904132
55 1743 0.57619834
55 1942 0.64198345
55 1875 0.6198347
55 1748 0.57785124
55 1837 0.60727274
55 1850 0.61157024
55 1886 0.6234711
55 1801 0.5953719
55 1860 0.61487603
55 1760 0.58181816
55 1626 0.53752065
55 1848 0.6109091
55 1920 0.6347107
55 1813 0.5993388
55 1807 0.59735537
55 1807 0.59735537
55 1748 0.57785124
55 1724 0.5699174
55 1865 0.6165289
55 1910 0.63140494
55 1899 0.6277686
55 1703 0.5629752
55 1935 0.6396694
55 1795 0.59338844

Size : 60
60 2154 0.59833336
60 1957 0.5436111
60 2050 0.5694444
60 2236 0.6211111
60 2204 0.6122222
60 2078 0.5772222
60 2151 0.5975
60 2066 0.5738889
60 2133 0.5925
60 2092 0.58111113
60 2089 0.5802778
60 2142 0.595
60 2018 0.5605556
60 2112 0.58666664
60 2243 0.6230556
60 2175 0.6041667
60 2154 0.59833336
60 2434 0.6761111
60 2130 0.59166664
60 2101 0.58361113
60 2198 0.6105555
60 2150 0.5972222
60 2247 0.62416667
60 1985 0.55138886
60 2152 0.5977778
60 2282 0.6338889
60 2160 0.6
60 2093 0.5813889
60 2089 0.5802778
60 2140 0.59444445
60 2135 0.59305555
60 2167 0.60194445
60 2002 0.5561111
60 2140 0.59444445
60 2276 0.63222224
60 2251 0.62527776
60 2088 0.58
60 2160 0.6
60 2129 0.5913889
60 2106 0.585
60 2160 0.6
60 2184 0.6066667
60 2086 0.57944447
60 2341 0.6502778
60 2133 0.5925
60 2136 0.5933333
60 2119 0.5886111
60 2115 0.5875
60 2186 0.6072222
60 2000 0.5555556
60 2073 0.5758333
60 2154 0.59833336
60 2179 0.6052778
60 2057 0.5713889
60 2212 0.61444443
60 2342 0.65055555
60 2259 0.6275
60 2094 0.58166665
60 2164 0.6011111
60 2076 0.57666665
60 2115 0.5875
60 2094 0.58166665
60 2288 0.63555557
60 2202 0.6116667
60 2082 0.5783333
60 2106 0.585
60 2097 0.5825
60 2068 0.5744445
60 2110 0.5861111
60 2061 0.5725
60 2138 0.5938889
60 2131 0.59194446
60 2323 0.6452778
60 2021 0.5613889
60 2065 0.57361114
60 2092 0.58111113
60 2112 0.58666664
60 2135 0.59305555
60 2151 0.5975
60 2233 0.62027776
60 2240 0.62222224
60 2065 0.57361114
60 2016 0.56
60 2248 0.6244444
60 2004 0.5566667
60 2161 0.6002778
60 2004 0.5566667
60 2145 0.59583336
60 2117 0.58805555
60 2077 0.5769445
60 2178 0.605
60 2195 0.6097222
60 2145 0.59583336
60 2108 0.58555555
60 2167 0.60194445
60 2139 0.5941667
60 2118 0.5883333
60 2151 0.5975
60 2346 0.65166664
60 2150 0.5972222
60 2046 0.5683333
60 2266 0.6294444
60 2081 0.57805556
60 2014 0.5594444
60 2148 0.5966667
60 2120 0.5888889
60 2200 0.6111111
60 2055 0.5708333
60 2164 0.6011111
60 2148 0.5966667
60 2179 0.6052778
60 2103 0.58416665
60 2122 0.58944446
60 2294 0.63722223
60 1990 0.55277777
60 2260 0.62777776
60 2096 0.5822222
60 2201 0.61138886
60 2194 0.60944444
60 1952 0.5422222
60 2065 0.57361114
60 2203 0.61194444
60 2246 0.6238889
60 2198 0.6105555
60 2179 0.6052778
60 2111 0.5863889
60 2265 0.62916666
60 2227 0.6186111
60 2136 0.5933333
60 2096 0.5822222
60 2110 0.5861111
60 2018 0.5605556
60 2109 0.5858333
60 2148 0.5966667
60 2298 0.6383333
60 2194 0.60944444
60 2152 0.5977778
60 2290 0.63611114
60 2165 0.6013889
60 2187 0.6075
60 2141 0.5947222
60 2107 0.5852778
60 2185 0.60694444
60 2118 0.5883333
60 2124 0.59
60 2313 0.6425
60 2205 0.6125
60 1968 0.5466667
60 2316 0.6433333
60 2112 0.58666664
60 2061 0.5725
60 2084 0.5788889
60 2149 0.59694445
60 2077 0.5769445
60 2046 0.5683333
60 2172 0.60333335
60 1879 0.52194446
60 2204 0.6122222
60 2134 0.5927778
60 2199 0.61083335
60 2120 0.5888889
60 2231 0.61972225
60 2050 0.5694444
60 2126 0.59055555
60 2091 0.5808333
60 2162 0.60055554
60 2153 0.59805554
60 2072 0.57555556
60 2125 0.5902778
60 2324 0.64555556
60 2130 0.59166664
60 2133 0.5925
60 2067 0.57416666
60 2248 0.6244444
60 2073 0.5758333
60 2130 0.59166664
60 2170 0.6027778
60 2128 0.5911111
60 2188 0.6077778
60 2082 0.5783333
60 2219 0.6163889
60 2220 0.6166667
60 2072 0.57555556
60 2140 0.59444445
60 2144 0.59555554
60 2108 0.58555555
60 2176 0.60444444
60 2334 0.6483333
60 2227 0.6186111
60 1978 0.54944444
60 2077 0.5769445
60 2246 0.6238889
60 2076 0.57666665
60 2089 0.5802778
60 2287 0.63527775
60 2046 0.5683333
60 2053 0.57027775
60 2243 0.6230556
60 2202 0.6116667
60 2170 0.6027778
60 2088 0.58
60 2175 0.6041667
60 2057 0.5713889
60 2156 0.5988889
60 2216 0.6155556
60 2161 0.6002778
60 2093 0.5813889
60 2153 0.59805554
60 2056 0.5711111
60 2049 0.56916666
60 2063 0.57305557
60 2158 0.59944445
60 2196 0.61
60 2239 0.6219444
60 1958 0.54388887
60 2240 0.62222224
60 1973 0.5480555
60 2037 0.56583333
60 2196 0.61
60 1929 0.53583336
60 2182 0.6061111
60 2125 0.5902778
60 1951 0.54194444
60 2292 0.63666666
60 2184 0.6066667
60 2192 0.60888886
60 2125 0.5902778
60 2123 0.5897222
60 2249 0.62472224
60 2116 0.5877778
60 2056 0.5711111
60 2068 0.5744445
60 2152 0.5977778
60 2140 0.59444445
60 2053 0.57027775
60 2043 0.5675
60 1938 0.53833336
60 2133 0.5925
60 1974 0.54833335
60 2130 0.59166664
60 2089 0.5802778
60 2110 0.5861111
60 2116 0.5877778
60 2193 0.6091667
60 2246 0.6238889
60 2206 0.61277777
60 2197 0.6102778
60 2174 0.60388887
60 2252 0.6255556
60 2165 0.6013889
60 2099 0.58305556
60 2078 0.5772222
60 2234 0.6205556
60 2111 0.5863889
60 1941 0.5391667
60 2031 0.56416667
60 2053 0.57027775
60 2126 0.59055555
60 2219 0.6163889
60 2031 0.56416667
60 2120 0.5888889
60 2237 0.6213889
60 2218 0.6161111
60 2005 0.55694443
60 2054 0.57055557
60 2173 0.6036111
60 2087 0.5797222
60 2229 0.6191667
60 2154 0.59833336
60 2243 0.6230556
60 2143 0.5952778
60 2120 0.5888889
60 2176 0.60444444
60 2213 0.61472225
60 2137 0.5936111
60 2140 0.59444445
60 2076 0.57666665
60 2099 0.58305556
60 2058 0.57166666
60 2079 0.5775
60 2092 0.58111113
60 2045 0.56805557
60 2136 0.5933333
60 2150 0.5972222
60 2167 0.60194445
60 2258 0.62722224
60 2178 0.605
60 1998 0.555
60 2067 0.57416666
60 1945 0.5402778
60 2012 0.5588889
60 2300 0.6388889
60 2062 0.57277775
60 2206 0.61277777
60 2217 0.61583334
60 2182 0.6061111
60 2063 0.57305557
60 2159 0.5997222
60 2055 0.5708333
60 2055 0.5708333
60 2113 0.58694446
60 2143 0.5952778
60 2256 0.62666667
60 2107 0.5852778
60 2221 0.61694443
60 2084 0.5788889
60 2176 0.60444444
60 2113 0.58694446
60 2192 0.60888886
60 2210 0.61388886
60 2094 0.58166665
60 1991 0.5530556
60 2240 0.62222224
60 1921 0.5336111
60 2137 0.5936111
60 2095 0.58194447
60 2200 0.6111111
60 2098 0.5827778
60 2089 0.5802778
60 2079 0.5775
60 2269 0.63027775
60 2085 0.57916665
60 1986 0.5516667
60 2212 0.61444443
60 2079 0.5775
60 2283 0.63416666
60 2160 0.6
60 2173 0.6036111
60 2138 0.5938889
60 2050 0.5694444
60 2167 0.60194445
60 2204 0.6122222
60 2136 0.5933333
60 2192 0.60888886
60 2002 0.5561111
60 2218 0.6161111
60 2103 0.58416665
60 2020 0.5611111
60 2170 0.6027778
60 2112 0.58666664
60 2003 0.5563889
60 2258 0.62722224
60 2151 0.5975
60 2202 0.6116667
60 2081 0.57805556
60 2177 0.6047222
60 2100 0.5833333
60 2146 0.5961111
60 2168 0.6022222
60 2259 0.6275
60 2062 0.57277775
60 2194 0.60944444
60 2168 0.6022222
60 2040 0.56666666
60 2120 0.5888889
60 2086 0.57944447
60 2126 0.59055555
60 2177 0.6047222
60 2250 0.625
60 2273 0.6313889
60 2131 0.59194446
60 2162 0.60055554
60 2182 0.6061111
60 2160 0.6
60 2098 0.5827778
60 2194 0.60944444
60 2104 0.58444446
60 2135 0.59305555
60 2204 0.6122222
60 2049 0.56916666
60 2151 0.5975
60 2164 0.6011111
60 2052 0.57
60 2232 0.62
60 2106 0.585
60 2193 0.6091667
60 2222 0.61722225
60 2120 0.5888889
60 2071 0.5752778
60 2090 0.58055556
60 2136 0.5933333
60 2126 0.59055555
60 2112 0.58666664
60 2178 0.605
60 2064 0.5733333
60 2053 0.57027775
60 2079 0.5775
60 2111 0.5863889
60 2102 0.5838889
60 2074 0.57611114
60 2056 0.5711111
60 2030 0.5638889
60 2200 0.6111111
60 1978 0.54944444
60 2138 0.5938889
60 2001 0.55583334
60 2125 0.5902778
60 2147 0.5963889
60 2078 0.5772222
60 2178 0.605
60 2210 0.61388886
60 2072 0.57555556
60 2159 0.5997222
60 2056 0.5711111
60 2178 0.605
60 2183 0.60638887
60 2074 0.57611114
60 2028 0.56333333
60 2266 0.6294444
60 2140 0.59444445
60 2310 0.64166665
60 2060 0.57222223
60 2099 0.58305556
60 2118 0.5883333
60 2096 0.5822222
60 1956 0.54333335
60 2033 0.56472224
60 2158 0.59944445
60 2127 0.5908333
60 2259 0.6275
60 2075 0.5763889
60 2037 0.56583333
60 2202 0.6116667
60 2091 0.5808333
60 2105 0.5847222
60 2159 0.5997222
60 2127 0.5908333
60 2174 0.60388887
60 2231 0.61972225
60 2032 0.5644444
60 2197 0.6102778
60 2096 0.5822222
60 2155 0.5986111
60 2227 0.6186111
60 2117 0.58805555
60 2067 0.57416666
60 2208 0.61333334
60 2169 0.6025
60 1871 0.5197222
60 2224 0.61777776
60 2193 0.6091667
60 2135 0.59305555
60 2139 0.5941667
60 2141 0.5947222
60 2141 0.5947222
60 2299 0.63861114
60 2140 0.59444445
60 2119 0.5886111
60 2350 0.6527778
60 2046 0.5683333
60 2080 0.5777778
60 2116 0.5877778
60 2110 0.5861111
60 2235 0.62083334
60 2141 0.5947222
60 2324 0.64555556
60 2149 0.59694445
60 2177 0.6047222
60 2117 0.58805555
60 2098 0.5827778
60 2234 0.6205556
60 2153 0.59805554
60 2120 0.5888889
60 1988 0.55222225
60 2133 0.5925
60 2120 0.5888889
60 2126 0.59055555
60 2115 0.5875
60 1999 0.55527776
60 2146 0.5961111
60 2064 0.5733333
60 2149 0.59694445
60 2057 0.5713889
60 2143 0.5952778
60 2251 0.62527776
60 2186 0.6072222
60 2302 0.6394445
60 2032 0.5644444
60 2116 0.5877778
60 2061 0.5725
60 2159 0.5997222
60 2092 0.58111113
60 2177 0.6047222
60 1940 0.5388889
60 2260 0.62777776
60 2199 0.61083335
60 2122 0.58944446
60 2018 0.5605556
60 1984 0.5511111
60 2264 0.6288889
60 2073 0.5758333
60 2047 0.5686111
60 2060 0.57222223
60 2063 0.57305557
60 2196 0.61
60 2129 0.5913889
60 2131 0.59194446
60 2133 0.5925
60 2071 0.5752778
60 2305 0.6402778

Size : 65
65 2543 0.6018935
65 2403 0.5687574
65 2583 0.61136097
65 2410 0.5704142
65 2462 0.5827219
65 2554 0.604497
65 2535 0.6
65 2624 0.6210651
65 2476 0.5860355
65 2486 0.5884024
65 2470 0.5846154
65 2347 0.55550295
65 2574 0.60923076
65 2516 0.595503
65 2545 0.60236686
65 2654 0.62816566
65 2604 0.61633134
65 2549 0.6033136
65 2437 0.57680476
65 2443 0.57822484
65 2322 0.5495858
65 2503 0.59242606
65 2594 0.6139645
65 2494 0.59029585
65 2457 0.58153844
65 2650 0.62721896
65 2506 0.5931361
65 2294 0.54295856
65 2524 0.59739643
65 2453 0.58059174
65 2469 0.5843787
65 2475 0.5857988
65 2686 0.6357396
65 2483 0.5876923
65 2522 0.59692305
65 2382 0.563787
65 2358 0.5581065
65 2517 0.59573966
65 2348 0.55573964
65 2315 0.547929
65 2591 0.6132544
65 2654 0.62816566
65 2537 0.60047334
65 2471 0.5848521
65 2604 0.61633134
65 2463 0.5829586
65 2618 0.619645
65 2468 0.584142
65 2262 0.5353846
65 2615 0.6189349
65 2386 0.56473374
65 2581 0.6108876
65 2445 0.5786982
65 2649 0.6269823
65 2409 0.5701775
65 2354 0.5571598
65 2647 0.6265089
65 2416 0.5718343
65 2471 0.5848521
65 2538 0.60071003
65 2403 0.5687574
65 2771 0.655858
65 2493 0.59005916
65 2581 0.6108876
65 2577 0.6099408
65 2299 0.544142
65 2477 0.5862722
65 2389 0.5654438
65 2274 0.5382249
65 2483 0.5876923
65 2561 0.60615385
65 2495 0.59053254
65 2519 0.59621304
65 2588 0.61254436
65 2497 0.5910059
65 2517 0.59573966
65 2490 0.5893491
65 2438 0.57704145
65 2594 0.6139645
65 2443 0.57822484
65 2441 0.57775146
65 2527 0.5981065
65 2530 0.5988166
65 2599 0.61514795
65 2594 0.6139645
65 2547 0.60284024
65 2521 0.59668636
65 2394 0.5666272
65 2533 0.59952664
65 2501 0.5919527
65 2641 0.62508875
65 2417 0.572071
65 2605 0.616568
65 2394 0.5666272
65 2650 0.62721896
65 2577 0.6099408
65 2533 0.59952664
65 2558 0.6054438
65 2486 0.5884024
65 2352 0.5566864
65 2481 0.58721894
65 2360 0.55857986
65 2561 0.60615385
65 2636 0.6239053
65 2532 0.59928995
65 2522 0.59692305
65 2412 0.57088757
65 2555 0.6047337
65 2491 0.5895858
65 2401 0.56828403
65 2600 0.61538464
65 2535 0.6
65 2336 0.5528994
65 2500 0.591716
65 2616 0.6191716
65 2544 0.6021302
65 2557 0.6052071
65 2494 0.59029585
65 2527 0.5981065
65 2531 0.59905326
65 2370 0.56094676
65 2451 0.58011836
65 2361 0.55881655
65 2651 0.6274556
65 2383 0.5640237
65 2457 0.58153844
65 2825 0.66863906
65 2477 0.5862722
65 2434 0.5760947
65 2511 0.5943195
65 2410 0.5704142
65 2594 0.6139645
65 2548 0.60307693
65 2606 0.6168047
65 2520 0.59644973
65 2489 0.5891124
65 2548 0.60307693
65 2511 0.5943195
65 2282 0.54011834
65 2327 0.5507692
65 2627 0.62177515
65 2336 0.5528994
65 2479 0.58674556
65 2525 0.5976331
65 2548 0.60307693
65 2486 0.5884024
65 2566 0.6073373
65 2482 0.58745563
65 2453 0.58059174
65 2515 0.5952663
65 2482 0.58745563
65 2518 0.59597635
65 2588 0.61254436
65 2542 0.6016568
65 2457 0.58153844
65 2128 0.50366867
65 2389 0.5654438
65 2634 0.623432
65 2472 0.58508873
65 2549 0.6033136
65 2484 0.587929
65 2537 0.60047334
65 2645 0.6260355
65 2540 0.6011834
65 2497 0.5910059
65 2390 0.56568044
65 2460 0.5822485
65 2511 0.5943195
65 2605 0.616568
65 2877 0.68094677
65 2571 0.6085207
65 2406 0.5694675
65 2545 0.60236686
65 2503 0.59242606
65 2471 0.5848521
65 2707 0.64071006
65 2525 0.5976331
65 2335 0.55266273
65 2504 0.59266275
65 2475 0.5857988
65 2464 0.58319527
65 2559 0.60568047
65 2520 0.59644973
65 2420 0.5727811
65 2452 0.58035505
65 2504 0.59266275
65 2424 0.5737278
65 2530 0.5988166
65 2445 0.5786982
65 2525 0.5976331
65 2663 0.6302959
65 2477 0.5862722
65 2684 0.63526624
65 2518 0.59597635
65 2656 0.62863904
65 2508 0.59360945
65 2483 0.5876923
65 2429 0.57491124
65 2366 0.56
65 2594 0.6139645
65 2575 0.60946745
65 2434 0.5760947
65 2356 0.55763316
65 2541 0.6014201
65 2412 0.57088757
65 2559 0.60568047
65 2454 0.5808284
65 2412 0.57088757
65 2489 0.5891124
65 2614 0.61869824
65 2562 0.60639054
65 2682 0.6347929
65 2515 0.5952663
65 2582 0.6111243
65 2539 0.6009467
65 2412 0.57088757
65 2621 0.620355
65 2609 0.6175148
65 2549 0.6033136
65 2505 0.5928994
65 2481 0.58721894
65 2394 0.5666272
65 2437 0.57680476
65 2448 0.5794083
65 2505 0.5928994
65 2526 0.5978698
65 2498 0.5912426
65 2322 0.5495858
65 2538 0.60071003
65 2346 0.55526626
65 2489 0.5891124
65 2267 0.53656805
65 2329 0.5512426
65 2383 0.5640237
65 2649 0.6269823
65 2557 0.6052071
65 2495 0.59053254
65 2636 0.6239053
65 2534 0.59976333
65 2576 0.60970414
65 2441 0.57775146
65 2645 0.6260355
65 2626 0.62153846
65 2628 0.62201184
65 2596 0.6144379
65 2621 0.620355
65 2613 0.61846155
65 2584 0.61159766
65 2461 0.5824852
65 2460 0.5822485
65 2417 0.572071
65 2560 0.60591716
65 2584 0.61159766
65 2450 0.57988167
65 2439 0.5772781
65 2574 0.60923076
65 2444 0.5784615
65 2445 0.5786982
65 2421 0.5730178
65 2512 0.5945562
65 2391 0.56591713
65 2485 0.5881657
65 2417 0.572071
65 2574 0.60923076
65 2430 0.5751479
65 2571 0.6085207
65 2481 0.58721894
65 2773 0.65633136
65 2409 0.5701775
65 2531 0.59905326
65 2516 0.595503
65 2583 0.61136097
65 2767 0.6549112
65 2336 0.5528994
65 2358 0.5581065
65 2495 0.59053254
65 2576 0.60970414
65 2477 0.5862722
65 2563 0.6066272
65 2354 0.5571598
65 2495 0.59053254
65 2495 0.59053254
65 2596 0.6144379
65 2470 0.5846154
65 2510 0.59408283
65 2524 0.59739643
65 2508 0.59360945
65 2435 0.5763314
65 2516 0.595503
65 2617 0.6194083
65 2344 0.5547929
65 2451 0.58011836
65 2477 0.5862722
65 2426 0.57420117
65 2439 0.5772781
65 2520 0.59644973
65 2541 0.6014201
65 2494 0.59029585
65 2543 0.6018935
65 2445 0.5786982
65 2567 0.607574
65 2593 0.6137278
65 2571 0.6085207
65 2382 0.563787
65 2556 0.6049704
65 2479 0.58674556
65 2394 0.5666272
65 2383 0.5640237
65 2401 0.56828403
65 2629 0.62224853
65 2742 0.6489941
65 2589 0.61278105
65 2380 0.5633136
65 2589 0.61278105
65 2429 0.57491124
65 2564 0.6068639
65 2453 0.58059174
65 2375 0.56213015
65 2441 0.57775146
65 2681 0.63455623
65 2386 0.56473374
65 2405 0.5692308
65 2472 0.58508873
65 2547 0.60284024
65 2433 0.575858
65 2682 0.6347929
65 2562 0.60639054
65 2384 0.56426036
65 2654 0.62816566
65 2323 0.5498225
65 2472 0.58508873
65 2511 0.5943195
65 2593 0.6137278
65 2480 0.58698225
65 2295 0.54319525
65 2684 0.63526624
65 2698 0.6385799
65 2558 0.6054438
65 2543 0.6018935
65 2737 0.64781064
65 2351 0.5564497
65 2483 0.5876923
65 2539 0.6009467
65 2519 0.59621304
65 2489 0.5891124
65 2399 0.56781065
65 2679 0.63408285
65 2445 0.5786982
65 2473 0.5853254
65 2617 0.6194083
65 2456 0.58130175
65 2511 0.5943195
65 2534 0.59976333
65 2647 0.6265089
65 2494 0.59029585
65 2403 0.5687574
65 2418 0.5723077
65 2499 0.5914793
65 2688 0.636213
65 2304 0.54532546
65 2494 0.59029585
65 2489 0.5891124
65 2395 0.5668639
65 2428 0.57467455
65 2626 0.62153846
65 2573 0.60899407
65 2250 0.5325444
65 2395 0.5668639
65 2579 0.6104142
65 2454 0.5808284
65 2470 0.5846154
65 2736 0.64757395
65 2378 0.5628402
65 2546 0.60260355
65 2553 0.6042603
65 2396 0.5671006
65 2509 0.59384614
65 2430 0.5751479
65 2460 0.5822485
65 2413 0.57112426
65 2514 0.5950296
65 2496 0.59076923
65 2543 0.6018935
65 2685 0.63550293
65 2603 0.61609465
65 2642 0.62532544
65 2537 0.60047334
65 2462 0.5827219
65 2514 0.5950296
65 2454 0.5808284
65 2471 0.5848521
65 2469 0.5843787
65 2407 0.5697041
65 2581 0.6108876
65 2683 0.6350296
65 2574 0.60923076
65 2559 0.60568047
65 2528 0.5983432
65 2519 0.59621304
65 2593 0.6137278
65 2526 0.5978698
65 2513 0.5947929
65 2479 0.58674556
65 2667 0.63124263
65 2417 0.572071
65 2475 0.5857988
65 2528 0.5983432
65 2507 0.59337276
65 2571 0.6085207
65 2525 0.5976331
65 2531 0.59905326
65 2447 0.5791716
65 2566 0.6073373
65 2495 0.59053254
65 2443 0.57822484
65 2633 0.6231953
65 2477 0.5862722
65 2548 0.60307693
65 2404 0.5689941
65 2596 0.6144379
65 2398 0.56757396
65 2625 0.6213018
65 2500 0.591716
65 2444 0.5784615
65 2552 0.6040237
65 2471 0.5848521
65 2551 0.603787
65 2307 0.5460355
65 2543 0.6018935
65 2482 0.58745563
65 2360 0.55857986
65 2507 0.59337276
65 2587 0.61230767
65 2415 0.57159764
65 2303 0.54508877
65 2618 0.619645
65 2456 0.58130175
65 2427 0.57443786
65 2365 0.5597633
65 2487 0.5886391
65 2369 0.5607101
65 2380 0.5633136
65 2541 0.6014201
65 2544 0.6021302
65 2557 0.6052071
65 2539 0.6009467
65 2662 0.6300592
65 2529 0.5985799
65 2632 0.6229586
65 2331 0.55171597
65 2711 0.6416568
65 2571 0.6085207
65 2397 0.5673373
65 2337 0.5531361
65 2614 0.61869824
65 2509 0.59384614
65 2470 0.5846154
65 2409 0.5701775
65 2590 0.61301774
65 2476 0.5860355
65 2641 0.62508875
65 2562 0.60639054
65 2504 0.59266275
65 2476 0.5860355
65 2446 0.5789349
65 2455 0.5810651
65 2374 0.56189346
65 2518 0.59597635
65 2709 0.64118344
65 2388 0.5652071
65 2491 0.5895858
65 2514 0.5950296
65 2449 0.579645
65 2541 0.6014201
65 2508 0.59360945
65 2580 0.6106509
65 2590 0.61301774
65 2388 0.5652071
65 2396 0.5671006
65 2571 0.6085207
65 2681 0.63455623
65 2500 0.591716
65 2517 0.59573966
65 2631 0.6227219
65 2469 0.5843787
65 2512 0.5945562
65 2467 0.58390534
65 2351 0.5564497
65 2498 0.5912426
65 2596 0.6144379
65 2336 0.5528994
65 2543 0.6018935
65 2484 0.587929
65 2484 0.587929
65 2597 0.61467457
65 2621 0.620355
65 2429 0.57491124
65 2481 0.58721894
65 2408 0.5699408
65 2507 0.59337276

Size : 70
70 2977 0.60755104
70 2962 0.6044898
70 2971 0.6063265
70 2851 0.58183676
70 2933 0.5985714
70 3155 0.64387757
70 2805 0.57244897
70 2856 0.58285713
70 3077 0.6279592
70 2971 0.6063265
70 2912 0.5942857
70 2923 0.5965306
70 2779 0.56714284
70 3194 0.65183675
70 2958 0.60367346
70 2974 0.6069388
70 2857 0.5830612
70 2951 0.6022449
70 2857 0.5830612
70 3079 0.62836736
70 2931 0.59816325
70 3020 0.6163265
70 2756 0.562449
70 2842 0.58
70 2930 0.59795916
70 2815 0.5744898
70 2928 0.59755105
70 2896 0.5910204
70 2863 0.58428574
70 3000 0.6122449
70 2997 0.61163265
70 2856 0.58285713
70 2538 0.5179592
70 2949 0.60183674
70 3006 0.61346936
70 2930 0.59795916
70 3030 0.6183674
70 2889 0.58959186
70 2997 0.61163265
70 3032 0.6187755
70 2936 0.5991837
70 2845 0.58061224
70 2898 0.5914286
70 3095 0.6316326
70 2967 0.6055102
70 2885 0.5887755
70 2823 0.57612246
70 2858 0.5832653
70 2954 0.6028572
70 2916 0.595102
70 2976 0.60734695
70 2856 0.58285713
70 2974 0.6069388
70 2772 0.5657143
70 2871 0.58591837
70 2861 0.58387756
70 2746 0.5604082
70 3064 0.6253061
70 2905 0.5928571
70 2931 0.59816325
70 3197 0.65244895
70 2767 0.56469387
70 2926 0.5971429
70 2903 0.59244895
70 2930 0.59795916
70 2932 0.59836733
70 3005 0.61326534
70 2828 0.57714283
70 2964 0.604898
70 2797 0.57081634
70 2874 0.5865306
70 2962 0.6044898
70 2973 0.6067347
70 2882 0.58816326
70 2982 0.6085714
70 2953 0.6026531
70 2862 0.58408165
70 3027 0.6177551
70 2755 0.5622449
70 2930 0.59795916
70 2972 0.6065306
70 3046 0.62163264
70 2824 0.57632655
70 2803 0.5720408
70 2956 0.6032653
70 2850 0.5816327
70 2892 0.59020406
70 2857 0.5830612
70 2696 0.5502041
70 2935 0.5989796
70 2692 0.54938775
70 2871 0.58591837
70 2815 0.5744898
70 2892 0.59020406
70 2838 0.5791837
70 2833 0.57816327
70 2901 0.59204084
70 2883 0.58836734
70 2975 0.60714287
70 2886 0.5889796
70 2924 0.5967347
70 2983 0.6087755
70 3028 0.6179592
70 2920 0.59591836
70 2900 0.59183675
70 3043 0.62102044
70 3123 0.6373469
70 2971 0.6063265
70 3099 0.632449
70 2966 0.60530615
70 2879 0.587551
70 2839 0.5793878
70 2964 0.604898
70 2924 0.5967347
70 3099 0.632449
70 2833 0.57816327
70 2961 0.6042857
70 2820 0.5755102
70 2853 0.5822449
70 2867 0.585102
70 3008 0.61387753
70 3059 0.6242857
70 2931 0.59816325
70 3062 0.62489796
70 2959 0.60387754
70 2861 0.58387756
70 2847 0.5810204
70 3021 0.6165306
70 2962 0.6044898
70 2917 0.5953061
70 2815 0.5744898
70 2964 0.604898
70 3141 0.6410204
70 2837 0.5789796
70 2969 0.60591835
70 2777 0.5667347
70 2934 0.5987755
70 3054 0.6232653
70 2873 0.58632654
70 3011 0.6144898
70 2905 0.5928571
70 2965 0.60510206
70 2846 0.5808163
70 2899 0.59163266
70 2833 0.57816327
70 2982 0.6085714
70 2878 0.5873469
70 2824 0.57632655
70 2861 0.58387756
70 2964 0.604898
70 2847 0.5810204
70 2860 0.5836735
70 2898 0.5914286
70 2871 0.58591837
70 2974 0.6069388
70 2825 0.57653064
70 2896 0.5910204
70 2827 0.57693875
70 2868 0.5853061
70 2902 0.5922449
70 2883 0.58836734
70 2865 0.58469385
70 2915 0.594898
70 2759 0.56306124
70 3048 0.6220408
70 2747 0.56061226
70 3124 0.637551
70 2823 0.57612246
70 2741 0.55938774
70 3003 0.61285716
70 2932 0.59836733
70 2805 0.57244897
70 2867 0.585102
70 2842 0.58
70 2875 0.5867347
70 2979 0.6079592
70 3069 0.6263265
70 2878 0.5873469
70 2896 0.5910204
70 2921 0.59612244
70 2918 0.5955102
70 2913 0.5944898
70 2909 0.59367347
70 2925 0.5969388
70 2727 0.5565306
70 3010 0.6142857
70 2760 0.5632653
70 2919 0.5957143
70 2948 0.60163265
70 2741 0.55938774
70 2946 0.6012245
70 3102 0.63306123
70 2910 0.59387755
70 2909 0.59367347
70 2833 0.57816327
70 2942 0.60040814
70 2941 0.6002041
70 2865 0.58469385
70 2935 0.5989796
70 3035 0.61938775
70 2853 0.5822449
70 2841 0.5797959
70 2956 0.6032653
70 2805 0.57244897
70 2903 0.59244895
70 2763 0.5638775
70 2966 0.60530615
70 2819 0.5753061
70 2881 0.5879592
70 2869 0.5855102
70 2902 0.5922449
70 3069 0.6263265
70 2797 0.57081634
70 2961 0.6042857
70 2756 0.562449
70 2860 0.5836735
70 2942 0.60040814
70 2871 0.58591837
70 2822 0.5759184
70 2805 0.57244897
70 2901 0.59204084
70 2869 0.5855102
70 2776 0.5665306
70 3005 0.61326534
70 2814 0.5742857
70 2910 0.59387755
70 2799 0.5712245
70 2794 0.5702041
70 2893 0.59040815
70 3028 0.6179592
70 2759 0.56306124
70 2938 0.59959185
70 3005 0.61326534
70 2948 0.60163265
70 2863 0.58428574
70 2972 0.6065306
70 2856 0.58285713
70 2970 0.60612243
70 2982 0.6085714
70 2841 0.5797959
70 2847 0.5810204
70 2839 0.5793878
70 2936 0.5991837
70 2831 0.5777551
70 2777 0.5667347
70 2799 0.5712245
70 2842 0.58
70 2971 0.6063265
70 2951 0.6022449
70 2874 0.5865306
70 2820 0.5755102
70 2839 0.5793878
70 3093 0.6312245
70 2905 0.5928571
70 2864 0.5844898
70 2862 0.58408165
70 2704 0.5518367
70 2909 0.59367347
70 2900 0.59183675
70 2759 0.56306124
70 2801 0.5716326
70 2907 0.5932653
70 3077 0.6279592
70 2745 0.5602041
70 3006 0.61346936
70 2771 0.5655102
70 2995 0.6112245
70 2957 0.6034694
70 2877 0.5871429
70 2876 0.5869388
70 2770 0.5653061
70 2875 0.5867347
70 3054 0.6232653
70 2842 0.58
70 2812 0.5738776
70 2833 0.57816327
70 2830 0.577551
70 2914 0.5946939
70 2850 0.5816327
70 2791 0.5695918
70 2860 0.5836735
70 2881 0.5879592
70 3054 0.6232653
70 2921 0.59612244
70 2844 0.58040816
70 2848 0.5812245
70 2907 0.5932653
70 2777 0.5667347
70 2931 0.59816325
70 2968 0.60571426
70 2997 0.61163265
70 2997 0.61163265
70 2863 0.58428574
70 2897 0.5912245
70 2853 0.5822449
70 3005 0.61326534
70 2925 0.5969388
70 2854 0.58244896
70 2966 0.60530615
70 2874 0.5865306
70 2594 0.5293878
70 2920 0.59591836
70 2913 0.5944898
70 2723 0.5557143
70 2633 0.53734696
70 2689 0.5487755
70 2923 0.5965306
70 2728 0.5567347
70 2712 0.55346936
70 2906 0.5930612
70 3006 0.61346936
70 3075 0.627551
70 2864 0.5844898
70 2884 0.5885714
70 3057 0.6238775
70 2911 0.59408164
70 2959 0.60387754
70 2897 0.5912245
70 2897 0.5912245
70 2958 0.60367346
70 2917 0.5953061
70 2919 0.5957143
70 2888 0.5893878
70 2804 0.5722449
70 2969 0.60591835
70 2914 0.5946939
70 2978 0.6077551
70 2930 0.59795916
70 3046 0.62163264
70 2974 0.6069388
70 2810 0.5734694
70 2946 0.6012245
70 2763 0.5638775
70 2996 0.61142856
70 3022 0.6167347
70 2925 0.5969388
70 3049 0.6222449
70 2874 0.5865306
70 2895 0.5908163
70 2712 0.55346936
70 2857 0.5830612
70 2952 0.602449
70 2921 0.59612244
70 2918 0.5955102
70 2911 0.59408164
70 2824 0.57632655
70 3035 0.61938775
70 2830 0.577551
70 2913 0.5944898
70 3074 0.62734693
70 2828 0.57714283
70 3066 0.6257143
70 3076 0.6277551
70 2953 0.6026531
70 2697 0.5504082
70 3035 0.61938775
70 3076 0.6277551
70 2942 0.60040814
70 2780 0.56734693
70 2767 0.56469387
70 2756 0.562449
70 2895 0.5908163
70 2928 0.59755105
70 2825 0.57653064
70 2971 0.6063265
70 2883 0.58836734
70 3060 0.6244898
70 2984 0.6089796
70 2905 0.5928571
70 2821 0.5757143
70 2951 0.6022449
70 2909 0.59367347
70 2886 0.5889796
70 2800 0.5714286
70 2849 0.5814286
70 3006 0.61346936
70 2951 0.6022449
70 2661 0.5430612
70 2905 0.5928571
70 2940 0.6
70 2814 0.5742857
70 2975 0.60714287
70 2964 0.604898
70 2951 0.6022449
70 2942 0.60040814
70 2939 0.59979594
70 2798 0.5710204
70 2830 0.577551
70 3002 0.6126531
70 2934 0.5987755
70 2971 0.6063265
70 2864 0.5844898
70 2885 0.5887755
70 2972 0.6065306
70 3100 0.63265306
70 2843 0.58020407
70 2832 0.5779592
70 3012 0.6146939
70 2862 0.58408165
70 3005 0.61326534
70 2927 0.59734696
70 3046 0.62163264
70 2948 0.60163265
70 2733 0.5577551
70 2970 0.60612243
70 2957 0.6034694
70 2899 0.59163266
70 2983 0.6087755
70 2894 0.59061223
70 2963 0.6046939
70 3047 0.6218367
70 2867 0.585102
70 2901 0.59204084
70 2993 0.6108163
70 2866 0.58489794
70 2917 0.5953061
70 2831 0.5777551
70 2971 0.6063265
70 2569 0.52428573
70 3147 0.6422449
70 2921 0.59612244
70 2944 0.6008163
70 2814 0.5742857
70 2903 0.59244895
70 3059 0.6242857
70 2961 0.6042857
70 2957 0.6034694
70 2722 0.5555102
70 3162 0.6453061
70 2784 0.5681633
70 3175 0.6479592
70 2965 0.60510206
70 2907 0.5932653
70 2746 0.5604082
70 2886 0.5889796
70 2879 0.587551
70 2875 0.5867347
70 2937 0.59938776
70 2904 0.59265304
70 2973 0.6067347
70 2968 0.60571426
70 2811 0.5736735
70 2985 0.60918367
70 2875 0.5867347
70 2650 0.5408163
70 2902 0.5922449
70 3002 0.6126531
70 3016 0.6155102
70 2876 0.5869388
70 2923 0.5965306
70 2863 0.58428574
70 3004 0.61306125
70 3125 0.6377551
70 2957 0.6034694
70 2783 0.5679592
70 2759 0.56306124
70 2759 0.56306124
70 2902 0.5922449
70 3088 0.6302041
70 2706 0.5522449
70 2809 0.5732653
70 2918 0.5955102
70 2900 0.59183675
70 2938 0.59959185
70 2911 0.59408164
70 2876 0.5869388
70 2761 0.5634694
70 3036 0.61959183
70 3002 0.6126531
70 2895 0.5908163
70 2921 0.59612244
70 2701 0.55122447
70 2825 0.57653064
70 2896 0.5910204
70 2840 0.5795918
70 3008 0.61387753
70 2946 0.6012245
70 2995 0.6112245
70 2848 0.5812245
70 2927 0.59734696
70 2852 0.5820408
70 2869 0.5855102
70 2816 0.57469386
70 2943 0.6006122
70 2930 0.59795916
70 3023 0.61693877
70 2991 0.6104082
70 2973 0.6067347
70 3026 0.617551
70 3004 0.61306125
70 2831 0.5777551
70 2859 0.5834694
70 2965 0.60510206
70 2809 0.5732653
70 2910 0.59387755
70 2826 0.5767347
70 2972 0.6065306
70 3050 0.622449
70 2923 0.5965306
70 2809 0.5732653

Size : 75
75 3394 0.60337776
75 3402 0.6048
75 3305 0.5875555
75 3360 0.5973333
75 3442 0.6119111
75 3280 0.5831111
75 3269 0.58115554
75 3511 0.62417775
75 3416 0.6072889
75 3109 0.5527111
75 3499 0.62204444
75 3405 0.6053333
75 3246 0.57706666
75 3533 0.6280889
75 3405 0.6053333
75 3425 0.60888886
75 3326 0.59128886
75 3326 0.59128886
75 3155 0.5608889
75 3515 0.6248889
75 3453 0.6138667
75 3347 0.5950222
75 3466 0.6161778
75 3385 0.6017778
75 3288 0.58453333
75 3441 0.6117333
75 3331 0.59217775
75 3363 0.59786665
75 3455 0.6142222
75 3373 0.5996444
75 3332 0.59235555
75 3372 0.5994667
75 3383 0.60142225
75 3221 0.57262224
75 3369 0.59893334
75 3092 0.5496889
75 3358 0.5969778
75 3198 0.56853336
75 3534 0.6282667
75 3384 0.6016
75 3514 0.6247111
75 3508 0.6236445
75 3394 0.60337776
75 3470 0.6168889
75 3239 0.57582223
75 3517 0.62524444
75 3491 0.6206222
75 3398 0.6040889
75 3178 0.56497777
75 3268 0.5809778
75 3138 0.5578667
75 3365 0.5982222
75 3211 0.5708445
75 3442 0.6119111
75 3191 0.5672889
75 3505 0.6231111
75 3363 0.59786665
75 3230 0.5742222
75 3183 0.56586665
75 3350 0.59555554
75 3422 0.6083556
75 3337 0.59324443
75 3379 0.6007111
75 3286 0.5841778
75 3397 0.6039111
75 3550 0.6311111
75 3171 0.56373334
75 3405 0.6053333
75 3354 0.5962667
75 3253 0.5783111
75 3208 0.5703111
75 3261 0.5797333
75 3313 0.58897775
75 3298 0.5863111
75 3551 0.6312889
75 3056 0.5432889
75 3488 0.6200889
75 3396 0.60373336
75 3386 0.60195553
75 3321 0.5904
75 3119 0.5544889
75 3337 0.59324443
75 3365 0.5982222
75 3258 0.5792
75 3245 0.57688886
75 3427 0.60924447
75 3272 0.5816889
75 3444 0.61226666
75 3403 0.6049778
75 3369 0.59893334
75 3580 0.63644445
75 3284 0.58382225
75 3231 0.5744
75 3411 0.6064
75 3345 0.59466666
75 3457 0.6145778
75 3287 0.58435553
75 3266 0.5806222
75 3208 0.5703111
75 3356 0.5966222
75 3030 0.53866667
75 3436 0.61084443
75 3446 0.6126222
75 3439 0.6113778
75 3322 0.5905778
75 3273 0.5818667
75 3203 0.56942225
75 3476 0.61795557
75 3457 0.6145778
75 3217 0.5719111
75 3229 0.57404447
75 3374 0.5998222
75 3443 0.6120889
75 3457 0.6145778
75 3166 0.56284446
75 3426 0.60906667
75 3437 0.61102223
75 3523 0.6263111
75 3491 0.6206222
75 3173 0.5640889
75 3404 0.6051555
75 3552 0.6314667
75 3557 0.6323556
75 3288 0.58453333
75 3613 0.6423111
75 3379 0.6007111
75 3155 0.5608889
75 3384 0.6016
75 3423 0.6085333
75 3191 0.5672889
75 3596 0.6392889
75 3308 0.58808887
75 3274 0.5820444
75 3302 0.58702224
75 3321 0.5904
75 3254 0.5784889
75 3154 0.5607111
75 3251 0.57795554
75 3261 0.5797333
75 3385 0.6017778
75 3180 0.5653333
75 3480 0.61866665
75 3468 0.61653334
75 3326 0.59128886
75 3508 0.6236445
75 3306 0.5877333
75 3389 0.6024889
75 3372 0.5994667
75 3183 0.56586665
75 3337 0.59324443
75 3219 0.57226664
75 3453 0.6138667
75 3329 0.5918222
75 3366 0.5984
75 3331 0.59217775
75 3340 0.5937778
75 3458 0.6147556
75 3255 0.5786667
75 3400 0.60444444
75 3397 0.6039111
75 3104 0.55182225
75 3431 0.60995555
75 3316 0.5895111
75 3428 0.6094222
75 3389 0.6024889
75 3231 0.5744
75 3224 0.5731556
75 3320 0.59022224
75 3209 0.57048887
75 3338 0.59342223
75 3290 0.5848889
75 3368 0.59875554
75 3258 0.5792
75 3043 0.5409778
75 3429 0.6096
75 3554 0.6318222
75 3487 0.61991113
75 3289 0.58471113
75 3315 0.58933336
75 3246 0.57706666
75 3420 0.608
75 3291 0.5850667
75 3374 0.5998222
75 3479 0.6184889
75 3378 0.6005333
75 3345 0.59466666
75 3145 0.5591111
75 3308 0.58808887
75 3394 0.60337776
75 3362 0.5976889
75 3244 0.5767111
75 3466 0.6161778
75 3371 0.5992889
75 3271 0.58151114
75 3139 0.55804443
75 3315 0.58933336
75 3314 0.58915555
75 3369 0.59893334
75 3601 0.6401778
75 3298 0.5863111
75 3573 0.6352
75 3093 0.5498667
75 3138 0.5578667
75 3319 0.59004444
75 3298 0.5863111
75 3276 0.5824
75 3373 0.5996444
75 3256 0.5788444
75 3327 0.59146667
75 3361 0.5975111
75 3243 0.5765333
75 3249 0.5776
75 3303 0.5872
75 3274 0.5820444
75 3368 0.59875554
75 3375 0.6
75 3372 0.5994667
75 3363 0.59786665
75 3336 0.5930667
75 3625 0.64444447
75 3462 0.61546665
75 3394 0.60337776
75 3316 0.5895111
75 3221 0.57262224
75 3152 0.56035554
75 3086 0.54862225
75 3280 0.5831111
75 3299 0.5864889
75 3449 0.61315554
75 3379 0.6007111
75 3355 0.5964444
75 3227 0.57368886
75 3331 0.59217775
75 3302 0.58702224
75 3267 0.5808
75 3319 0.59004444
75 3368 0.59875554
75 3553 0.6316444
75 3260 0.5795556
75 3540 0.6293333
75 3294 0.5856
75 3354 0.5962667
75 3248 0.5774222
75 3416 0.6072889
75 3227 0.57368886
75 3412 0.60657775
75 3424 0.6087111
75 3439 0.6113778
75 3202 0.56924444
75 3293 0.5854222
75 3367 0.5985778
75 3329 0.5918222
75 3311 0.5886222
75 3455 0.6142222
75 3256 0.5788444
75 3204 0.5696
75 3260 0.5795556
75 3337 0.59324443
75 3355 0.5964444
75 2945 0.5235556
75 3275 0.5822222
75 3228 0.57386667
75 3194 0.5678222
75 3249 0.5776
75 3366 0.5984
75 3292 0.5852444
75 3256 0.5788444
75 3409 0.6060445
75 3490 0.6204444
75 3308 0.58808887
75 3194 0.5678222
75 3292 0.5852444
75 3180 0.5653333
75 3148 0.55964446
75 3591 0.6384
75 3095 0.5502222
75 3513 0.62453336
75 3305 0.5875555
75 3312 0.5888
75 3165 0.56266665
75 3258 0.5792
75 3301 0.58684444
75 3301 0.58684444
75 3410 0.6062222
75 3409 0.6060445
75 3319 0.59004444
75 3472 0.6172444
75 3216 0.57173336
75 3336 0.5930667
75 3255 0.5786667
75 3392 0.6030222
75 3247 0.57724446
75 2942 0.52302223
75 3107 0.5523555
75 3428 0.6094222
75 3404 0.6051555
75 3259 0.5793778
75 3561 0.63306665
75 3532 0.6279111
75 3292 0.5852444
75 3301 0.58684444
75 3278 0.58275557
75 3363 0.59786665
75 3207 0.5701333
75 3260 0.5795556
75 3246 0.57706666
75 3591 0.6384
75 3249 0.5776
75 3423 0.6085333
75 3546 0.6304
75 3340 0.5937778
75 3171 0.56373334
75 3395 0.60355556
75 3290 0.5848889
75 3339 0.5936
75 3401 0.60462224
75 3253 0.5783111
75 3251 0.57795554
75 3346 0.59484446
75 3527 0.6270222
75 3306 0.5877333
75 3199 0.5687111
75 3379 0.6007111
75 3349 0.5953778
75 3256 0.5788444
75 3257 0.5790222
75 3282 0.58346665
75 3367 0.5985778
75 3394 0.60337776
75 3372 0.5994667
75 3348 0.5952
75 3071 0.54595554
75 3340 0.5937778
75 3209 0.57048887
75 3328 0.59164447
75 3268 0.5809778
75 3288 0.58453333
75 3314 0.58915555
75 3338 0.59342223
75 3396 0.60373336
75 3219 0.57226664
75 3277 0.58257776
75 3229 0.57404447
75 3377 0.60035557
75 3306 0.5877333
75 3256 0.5788444
75 3287 0.58435553
75 3343 0.5943111
75 3268 0.5809778
75 3331 0.59217775
75 3403 0.6049778
75 3349 0.5953778
75 3417 0.60746664
75 3300 0.58666664
75 3369 0.59893334
75 3343 0.5943111
75 3474 0.6176
75 3182 0.5656889
75 3548 0.63075554
75 3235 0.5751111
75 3239 0.57582223
75 3303 0.5872
75 3275 0.5822222
75 3468 0.61653334
75 3398 0.6040889
75 3281 0.5832889
75 3243 0.5765333
75 3258 0.5792
75 3509 0.6238222
75 3358 0.5969778
75 3564 0.6336
75 3348 0.5952
75 3446 0.6126222
75 3292 0.5852444
75 3566 0.63395554
75 3274 0.5820444
75 3067 0.54524446
75 3528 0.6272
75 3363 0.59786665
75 3429 0.6096
75 3226 0.5735111
75 3486 0.61973333
75 3505 0.6231111
75 3343 0.5943111
75 3179 0.56515557
75 3402 0.6048
75 3473 0.6174222
75 3416 0.6072889
75 3522 0.6261333
75 3190 0.56711113
75 3366 0.5984
75 3257 0.5790222
75 3298 0.5863111
75 3169 0.5633778
75 3362 0.5976889
75 3341 0.5939556
75 3385 0.6017778
75 3377 0.60035557
75 3129 0.55626667
75 3216 0.57173336
75 3259 0.5793778
75 3210 0.5706667
75 3150 0.56
75 3344 0.59448886
75 3465 0.616
75 3254 0.5784889
75 3171 0.56373334
75 3212 0.5710222
75 3418 0.60764444
75 3382 0.60124445
75 3338 0.59342223
75 3431 0.60995555
75 3302 0.58702224
75 3258 0.5792
75 3369 0.59893334
75 3410 0.6062222
75 3612 0.64213336
75 3354 0.5962667
75 3191 0.5672889
75 3517 0.62524444
75 3202 0.56924444
75 3402 0.6048
75 3394 0.60337776
75 3331 0.59217775
75 3204 0.5696
75 3252 0.57813334
75 3225 0.5733333
75 3448 0.6129778
75 3555 0.632
75 3254 0.5784889
75 3508 0.6236445
75 3370 0.59911114
75 3221 0.57262224
75 3238 0.57564443
75 3331 0.59217775
75 3461 0.6152889
75 3217 0.5719111
75 3401 0.60462224
75 3523 0.6263111
75 3332 0.59235555
75 3106 0.5521778
75 3342 0.5941333
75 3450 0.61333334
75 3237 0.5754667
75 3319 0.59004444
75 3298 0.5863111
75 3451 0.6135111
75 3431 0.60995555
75 3222 0.5728
75 3300 0.58666664
75 3266 0.5806222
75 3306 0.5877333
75 3504 0.6229333
75 3274 0.5820444
75 3237 0.5754667
75 3409 0.6060445
75 3320 0.59022224
75 3222 0.5728
75 3404 0.6051555
75 3427 0.60924447
75 3354 0.5962667
75 3349 0.5953778
75 3324 0.5909333
75 3390 0.6026667
75 3263 0.5800889
75 3411 0.6064
75 3426 0.60906667
75 3444 0.61226666
75 3543 0.62986666
75 3245 0.57688886
75 3473 0.6174222
75 3476 0.61795557
75 3276 0.5824
75 3320 0.59022224
75 3415 0.6071111
75 3402 0.6048
75 3181 0.5655111
75 3236 0.5752889
75 3514 0.6247111
75 3305 0.5875555
75 3191 0.5672889
75 3498 0.62186664
75 3213 0.5712
75 3439 0.6113778
75 3299 0.5864889
75 3305 0.5875555
75 3280 0.5831111
75 3308 0.58808887
75 3122 0.55502224
75 3216 0.57173336
75 3154 0.5607111
75 3338 0.59342223
75 3150 0.56
75 3345 0.59466666
75 3440 0.6115556
75 3162 0.5621333
75 3439 0.6113778
75 3430 0.60977775
75 3282 0.58346665
75 3390 0.6026667

Size : 80
80 3645 0.56953126
80 4024 0.62875
80 3608 0.56375
80 3713 0.58015627
80 3590 0.5609375
80 3808 0.595
80 3863 0.60359377
80 3889 0.60765624
80 3881 0.6064063
80 3766 0.5884375
80 3836 0.599375
80 3696 0.5775
80 3664 0.5725
80 3889 0.60765624
80 3937 0.61515623
80 3833 0.5989063
80 3632 0.5675
80 4045 0.63203126
80 3564 0.556875
80 3875 0.60546875
80 3998 0.6246875
80 3791 0.59234375
80 3938 0.6153125
80 3936 0.615
80 3871 0.60484374
80 3920 0.6125
80 3941 0.61578125
80 3969 0.6201562
80 3742 0.5846875
80 3890 0.6078125
80 3791 0.59234375
80 3798 0.5934375
80 3729 0.58265626
80 3938 0.6153125
80 3983 0.6223438
80 3730 0.5828125
80 3907 0.61046875
80 3798 0.5934375
80 3674 0.5740625
80 3642 0.5690625
80 3736 0.58375
80 3562 0.5565625
80 3867 0.6042187
80 3728 0.5825
80 3800 0.59375
80 3891 0.60796875
80 4027 0.62921876
80 3815 0.5960938
80 3957 0.61828125
80 4061 0.63453126
80 3715 0.5804688
80 3778 0.5903125
80 3801 0.5939062
80 3684 0.575625
80 3818 0.5965625
80 3817 0.5964062
80 3580 0.559375
80 4067 0.6354687
80 3723 0.58171874
80 3844 0.600625
80 3790 0.5921875
80 3850 0.6015625
80 3668 0.573125
80 3462 0.5409375
80 3625 0.56640625
80 3822 0.5971875
80 3807 0.59484375
80 3891 0.60796875
80 3753 0.58640623
80 3727 0.58234376
80 3902 0.6096875
80 3798 0.5934375
80 3719 0.5810937
80 3870 0.6046875
80 3859 0.60296875
80 3620 0.565625
80 3722 0.5815625
80 3693 0.57703125
80 3885 0.6070312
80 3745 0.58515626
80 3708 0.579375
80 3877 0.60578126
80 3734 0.5834375
80 3671 0.57359374
80 3533 0.5520313
80 3803 0.59421873
80 3709 0.57953125
80 3905 0.61015624
80 3969 0.6201562
80 3942 0.6159375
80 3799 0.5935938
80 4009 0.62640625
80 3720 0.58125
80 3706 0.5790625
80 3676 0.574375
80 3589 0.56078124
80 3900 0.609375
80 3763 0.58796877
80 3918 0.6121875
80 3585 0.5601562
80 3925 0.61328125
80 3780 0.590625
80 3901 0.6095312
80 3817 0.5964062
80 3911 0.61109376
80 3707 0.57921875
80 3810 0.5953125
80 3729 0.58265626
80 3825 0.59765625
80 3969 0.6201562
80 3919 0.6123437
80 3897 0.60890627
80 3785 0.5914062
80 3696 0.5775
80 3872 0.605
80 3663 0.57234377
80 3975 0.62109375
80 3785 0.5914062
80 3926 0.6134375
80 3640 0.56875
80 3810 0.5953125
80 3541 0.55328125
80 4077 0.63703126
80 3612 0.564375
80 3731 0.5829688
80 3756 0.586875
80 3785 0.5914062
80 3655 0.57109374
80 3944 0.61625
80 3534 0.5521875
80 3729 0.58265626
80 3889 0.60765624
80 3788 0.591875
80 3735 0.5835937
80 3913 0.61140627
80 3678 0.5746875
80 3578 0.5590625
80 3865 0.6039063
80 3783 0.5910938
80 3935 0.6148437
80 3774 0.5896875
80 3589 0.56078124
80 3838 0.5996875
80 3845 0.60078126
80 3950 0.6171875
80 3805 0.59453124
80 3840 0.6
80 3733 0.5832813
80 3847 0.60109377
80 3901 0.6095312
80 3850 0.6015625
80 3844 0.600625
80 3631 0.5673438
80 3634 0.5678125
80 3669 0.5732812
80 3767 0.5885937
80 3735 0.5835937
80 3719 0.5810937
80 3763 0.58796877
80 4169 0.6514062
80 3806 0.5946875
80 3904 0.61
80 3793 0.59265625
80 3754 0.5865625
80 3769 0.5889062
80 3831 0.5985938
80 3634 0.5678125
80 3677 0.57453126
80 3751 0.5860937
80 3805 0.59453124
80 3723 0.58171874
80 3986 0.6228125
80 3620 0.565625
80 3800 0.59375
80 3773 0.58953124
80 3854 0.6021875
80 3818 0.5965625
80 3770 0.5890625
80 3744 0.585
80 3742 0.5846875
80 3703 0.57859373
80 3747 0.58546877
80 3955 0.61796874
80 3705 0.57890624
80 3574 0.5584375
80 3805 0.59453124
80 3719 0.5810937
80 3687 0.57609373
80 3867 0.6042187
80 3636 0.568125
80 3904 0.61
80 3733 0.5832813
80 3651 0.5704687
80 3479 0.54359376
80 3972 0.620625
80 3669 0.5732812
80 3568 0.5575
80 3885 0.6070312
80 3713 0.58015627
80 3858 0.6028125
80 3704 0.57875
80 3724 0.581875
80 3629 0.56703126
80 3879 0.60609376
80 3896 0.60875
80 3736 0.58375
80 3835 0.5992187
80 3657 0.57140625
80 3600 0.5625
80 3747 0.58546877
80 3703 0.57859373
80 3643 0.56921875
80 3703 0.57859373
80 3607 0.56359375
80 3920 0.6125
80 3670 0.5734375
80 3717 0.5807812
80 3731 0.5829688
80 3781 0.5907813
80 3843 0.60046875
80 3747 0.58546877
80 4146 0.6478125
80 3772 0.589375
80 3733 0.5832813
80 3921 0.61265624
80 3670 0.5734375
80 3578 0.5590625
80 3810 0.5953125
80 3734 0.5834375
80 3550 0.5546875
80 3758 0.5871875
80 3618 0.5653125
80 3865 0.6039063
80 3662 0.5721875
80 3729 0.58265626
80 3748 0.585625
80 3684 0.575625
80 3847 0.60109377
80 3614 0.5646875
80 3803 0.59421873
80 3914 0.6115625
80 3951 0.6173437
80 3803 0.59421873
80 3784 0.59125
80 3654 0.5709375
80 3764 0.588125
80 3626 0.5665625
80 3889 0.60765624
80 3795 0.59296876
80 3817 0.5964062
80 3761 0.58765626
80 3820 0.596875
80 3866 0.6040625
80 3746 0.5853125
80 3841 0.60015625
80 3815 0.5960938
80 3692 0.576875
80 3771 0.58921874
80 3921 0.61265624
80 3977 0.62140626
80 3896 0.60875
80 3907 0.61046875
80 3854 0.6021875
80 4060 0.634375
80 3669 0.5732812
80 4046 0.6321875
80 3675 0.57421875
80 3806 0.5946875
80 3717 0.5807812
80 3849 0.6014063
80 3796 0.593125
80 3882 0.6065625
80 3705 0.57890624
80 3776 0.59
80 3714 0.5803125
80 3805 0.59453124
80 3748 0.585625
80 3721 0.58140624
80 3830 0.5984375
80 3842 0.6003125
80 3826 0.5978125
80 3810 0.5953125
80 3689 0.57640624
80 3797 0.59328127
80 3843 0.60046875
80 3585 0.5601562
80 3541 0.55328125
80 3701 0.5782812
80 3844 0.600625
80 3833 0.5989063
80 3721 0.58140624
80 3810 0.5953125
80 3952 0.6175
80 3711 0.57984376
80 3740 0.584375
80 3805 0.59453124
80 3827 0.59796876
80 4076 0.636875
80 3691 0.57671875
80 3659 0.57171875
80 3970 0.6203125
80 3708 0.579375
80 3672 0.57375
80 3942 0.6159375
80 3694 0.5771875
80 3835 0.5992187
80 3776 0.59
80 3665 0.5726563
80 3617 0.5651562
80 3749 0.5857813
80 3645 0.56953126
80 3923 0.61296874
80 3851 0.6017187
80 3773 0.58953124
80 3879 0.60609376
80 3816 0.59625
80 3670 0.5734375
80 3818 0.5965625
80 3920 0.6125
80 3865 0.6039063
80 3673 0.57390624
80 3641 0.56890625
80 3841 0.60015625
80 3695 0.57734376
80 3709 0.57953125
80 3875 0.60546875
80 3892 0.608125
80 3508 0.548125
80 3716 0.580625
80 3886 0.6071875
80 3790 0.5921875
80 3657 0.57140625
80 3839 0.59984374
80 3741 0.58453125
80 3859 0.60296875
80 3979 0.62171876
80 4008 0.62625
80 3790 0.5921875
80 3459 0.54046875
80 3741 0.58453125
80 3739 0.58421874
80 3651 0.5704687
80 4072 0.63625
80 3715 0.5804688
80 3739 0.58421874
80 3927 0.61359376
80 3704 0.57875
80 3858 0.6028125
80 3691 0.57671875
80 3863 0.60359377
80 3720 0.58125
80 3465 0.5414063
80 3762 0.5878125
80 3531 0.5517188
80 3754 0.5865625
80 3750 0.5859375
80 3864 0.60375
80 3866 0.6040625
80 3840 0.6
80 3831 0.5985938
80 3939 0.61546874
80 3795 0.59296876
80 3760 0.5875
80 3759 0.58734375
80 3868 0.604375
80 3897 0.60890627
80 3609 0.56390625
80 3624 0.56625
80 3891 0.60796875
80 3712 0.58
80 3804 0.594375
80 3851 0.6017187
80 3864 0.60375
80 3776 0.59
80 3960 0.61875
80 3958 0.6184375
80 3905 0.61015624
80 3747 0.58546877
80 3881 0.6064063
80 3655 0.57109374
80 3955 0.61796874
80 3657 0.57140625
80 3958 0.6184375
80 3590 0.5609375
80 3798 0.5934375
80 3853 0.60203123
80 3765 0.5882813
80 3820 0.596875
80 3789 0.59203124
80 3912 0.61125
80 3954 0.6178125
80 3897 0.60890627
80 3781 0.5907813
80 3827 0.59796876
80 3943 0.61609375
80 3886 0.6071875
80 3712 0.58
80 3626 0.5665625
80 3955 0.61796874
80 3810 0.5953125
80 3896 0.60875
80 3767 0.5885937
80 3905 0.61015624
80 3743 0.58484375
80 3848 0.60125
80 3827 0.59796876
80 3847 0.60109377
80 3992 0.62375
80 3852 0.601875
80 3869 0.6045312
80 3990 0.6234375
80 3697 0.57765627
80 3594 0.5615625
80 3719 0.5810937
80 3729 0.58265626
80 3717 0.5807812
80 3744 0.585
80 3812 0.595625
80 3698 0.5778125
80 3886 0.6071875
80 3913 0.61140627
80 3987 0.62296873
80 3661 0.57203126
80 3776 0.59
80 3851 0.6017187
80 3556 0.555625
80 3760 0.5875
80 3881 0.6064063
80 3848 0.60125
80 3809 0.59515625
80 3551 0.5548437
80 3761 0.58765626
80 3977 0.62140626
80 3894 0.6084375
80 3854 0.6021875
80 3721 0.58140624
80 3846 0.6009375
80 3824 0.5975
80 3787 0.59171873
80 3931 0.6142188
80 3796 0.593125
80 3916 0.611875
80 3832 0.59875
80 3849 0.6014063
80 3637 0.56828123
80 3961 0.61890626
80 3902 0.6096875
80 3841 0.60015625
80 3959 0.61859375
80 3729 0.58265626
80 3658 0.5715625
80 3452 0.539375
80 3979 0.62171876
80 3814 0.5959375
80 3761 0.58765626
80 3579 0.55921876
80 3707 0.57921875
80 3925 0.61328125
80 3749 0.5857813
80 3933 0.6145313
80 3788 0.591875
80 3851 0.6017187
80 3846 0.6009375
80 3798 0.5934375
80 3945 0.61640626
80 3710 0.5796875
80 3614 0.5646875
80 3626 0.5665625
80 3648 0.57
80 3877 0.60578126
80 3824 0.5975
80 3994 0.6240625
80 3622 0.5659375
80 3881 0.6064063
80 3807 0.59484375
80 3789 0.59203124
80 3753 0.58640623
80 3783 0.5910938
80 3844 0.600625
80 3845 0.60078126
80 3801 0.5939062
80 4019 0.6279687
80 3809 0.59515625
80 3709 0.57953125
80 3966 0.6196875
80 3925 0.61328125
80 4032 0.63
80 3804 0.594375
80 3990 0.6234375
80 3908 0.610625
80 3877 0.60578126
80 3807 0.59484375
80 3846 0.6009375
80 3745 0.58515626
80 3770 0.5890625
80 3691 0.57671875
80 3984 0.6225
80 3732 0.583125
80 3749 0.5857813
80 3697 0.57765627

Size : 85
85 4480 0.6200692
85 4348 0.6017993
85 4172 0.5774394
85 4178 0.5782699
85 4297 0.5947405
85 4153 0.5748097
85 4314 0.5970934
85 4373 0.60525954
85 4203 0.5817301
85 4182 0.5788235
85 4387 0.6071972
85 4532 0.6272664
85 4205 0.58200693
85 4283 0.59280276
85 4268 0.5907266
85 4219 0.5839446
85 4549 0.62961936
85 4310 0.5965398
85 4378 0.60595155
85 4386 0.6070588
85 4566 0.6319723
85 4302 0.5954325
85 4184 0.5791004
85 4490 0.6214533
85 4268 0.5907266
85 4052 0.5608305
85 4477 0.619654
85 4270 0.5910035
85 4070 0.5633218
85 4543 0.62878895
85 4424 0.61231834
85 4285 0.59307957
85 4545 0.62906575
85 4140 0.5730104
85 4272 0.5912803
85 4226 0.5849135
85 4200 0.58131486
85 4346 0.6015225
85 4434 0.6137024
85 4207 0.58228374
85 4449 0.61577857
85 4350 0.6020761
85 4295 0.59446365
85 4328 0.59903115
85 4509 0.62408304
85 4296 0.59460205
85 4441 0.6146713
85 4414 0.61093426
85 4319 0.5977855
85 4208 0.58242214
85 4259 0.589481
85 4170 0.5771626
85 4468 0.6184083
85 4493 0.6218685
85 4237 0.586436
85 4380 0.60622835
85 4485 0.6207613
85 4237 0.586436
85 4351 0.6022145
85 4331 0.59944636
85 4330 0.59930795
85 4367 0.60442907
85 4369 0.60470587
85 4421 0.61190313
85 4433 0.613564
85 4346 0.6015225
85 4329 0.59916955
85 4271 0.5911419
85 4262 0.5898962
85 4149 0.57425606
85 4378 0.60595155
85 4094 0.5666436
85 4493 0.6218685
85 4456 0.6167474
85 4090 0.56609
85 4398 0.6087197
85 4547 0.62934256
85 4302 0.5954325
85 4114 0.56941175
85 4193 0.58034605
85 4358 0.6031834
85 4272 0.5912803
85 4286 0.59321797
85 4266 0.5904498
85 4309 0.5964014
85 4163 0.57619375
85 4284 0.59294116
85 4329 0.59916955
85 4324 0.5984775
85 3788 0.5242907
85 3962 0.5483737
85 4209 0.58256054
85 4245 0.58754325
85 4317 0.59750867
85 4474 0.61923873
85 4261 0.5897578
85 4520 0.6256055
85 4164 0.57633215
85 4169 0.5770242
85 4187 0.5795156
85 4198 0.58103806
85 4377 0.60581315
85 4191 0.5800692
85 4256 0.58906573
85 4230 0.5854671
85 4426 0.61259514
85 4324 0.5984775
85 4323 0.5983391
85 4479 0.6199308
85 4161 0.57591695
85 4404 0.6095502
85 4516 0.6250519
85 4482 0.620346
85 4218 0.5838062
85 4067 0.56290656
85 4347 0.6016609
85 4139 0.572872
85 4298 0.5948789
85 4430 0.6131488
85 4251 0.5883737
85 4362 0.603737
85 4149 0.57425606
85 4380 0.60622835
85 4333 0.59972316
85 4212 0.5829758
85 4301 0.5952941
85 4358 0.6031834
85 4017 0.55598617
85 4357 0.603045
85 4431 0.6132872
85 4345 0.6013841
85 4281 0.59252596
85 4379 0.60608995
85 4196 0.58076125
85 4431 0.6132872
85 4083 0.5651211
85 4070 0.5633218
85 4406 0.609827
85 4349 0.6019377
85 4280 0.59238756
85 4286 0.59321797
85 4407 0.6099654
85 4309 0.5964014
85 4362 0.603737
85 4317 0.59750867
85 4400 0.6089965
85 4468 0.6184083
85 4431 0.6132872
85 4305 0.5958477
85 4380 0.60622835
85 4306 0.5959862
85 4447 0.6155017
85 4165 0.5764706
85 4387 0.6071972
85 4308 0.596263
85 4250 0.5882353
85 4230 0.5854671
85 4474 0.61923873
85 4343 0.60110724
85 4128 0.5713495
85 4444 0.6150865
85 4115 0.56955016
85 4107 0.5684429
85 4339 0.60055363
85 4366 0.60429066
85 4480 0.6200692
85 4234 0.58602077
85 4219 0.5839446
85 4468 0.6184083
85 4419 0.6116263
85 4360 0.6034602
85 4490 0.6214533
85 4143 0.5734256
85 4318 0.5976471
85 4318 0.5976471
85 4273 0.5914187
85 4439 0.6143945
85 4434 0.6137024
85 4224 0.5846367
85 4290 0.59377164
85 4163 0.57619375
85 4503 0.6232526
85 4378 0.60595155
85 4269 0.5908651
85 4324 0.5984775
85 4351 0.6022145
85 4205 0.58200693
85 4117 0.56982696
85 4183 0.5789619
85 4533 0.62740487
85 4399 0.6088581
85 4268 0.5907266
85 4371 0.6049827
85 4400 0.6089965
85 4649 0.6434602
85 4233 0.58588237
85 4484 0.6206228
85 4251 0.5883737
85 4304 0.5957093
85 4354 0.6026298
85 4404 0.6095502
85 4257 0.58920413
85 4253 0.5886505
85 4282 0.59266436
85 4305 0.5958477
85 4321 0.5980623
85 4083 0.5651211
85 4572 0.6328028
85 4213 0.5831142
85 4373 0.60525954
85 4522 0.6258823
85 3976 0.55031145
85 4340 0.60069203
85 4550 0.62975776
85 4407 0.6099654
85 4065 0.56262976
85 4247 0.58782005
85 4144 0.573564
85 4456 0.6167474
85 4153 0.5748097
85 4381 0.60636675
85 4198 0.58103806
85 3986 0.5516955
85 4389 0.607474
85 4295 0.59446365
85 4345 0.6013841
85 4206 0.58214533
85 4044 0.5597232
85 4407 0.6099654
85 4298 0.5948789
85 4054 0.5611073
85 4467 0.6182699
85 4343 0.60110724
85 4012 0.5552941
85 4351 0.6022145
85 4193 0.58034605
85 4438 0.6142561
85 4374 0.60539794
85 4367 0.60442907
85 4285 0.59307957
85 4385 0.6069204
85 4576 0.6333564
85 4410 0.61038065
85 4188 0.579654
85 4489 0.6213149
85 4633 0.64124566
85 4133 0.5720415
85 4256 0.58906573
85 4294 0.59432524
85 4154 0.5749481
85 4153 0.5748097
85 4070 0.5633218
85 4243 0.58726645
85 4183 0.5789619
85 4382 0.6065052
85 4162 0.57605535
85 4271 0.5911419
85 4103 0.5678893
85 4309 0.5964014
85 4057 0.5615225
85 4175 0.5778547
85 4348 0.6017993
85 4384 0.606782
85 4326 0.59875435
85 4237 0.586436
85 4402 0.6092734
85 4333 0.59972316
85 4378 0.60595155
85 4293 0.59418684
85 4235 0.58615917
85 4019 0.55626297
85 4277 0.5919723
85 4381 0.60636675
85 4188 0.579654
85 4267 0.5905882
85 4322 0.5982007
85 4157 0.57536334
85 4268 0.5907266
85 4349 0.6019377
85 4620 0.6394464
85 4297 0.5947405
85 4282 0.59266436
85 4199 0.58117646
85 4211 0.58283734
85 4459 0.61716264
85 4169 0.5770242
85 4251 0.5883737
85 4212 0.5829758
85 4186 0.5793772
85 4454 0.6164706
85 4307 0.5961246
85 4224 0.5846367
85 4284 0.59294116
85 4080 0.5647059
85 4102 0.5677509
85 4351 0.6022145
85 4332 0.59958476
85 4401 0.609135
85 4094 0.5666436
85 4205 0.58200693
85 4116 0.56968856
85 4071 0.56346023
85 4363 0.60387546
85 4295 0.59446365
85 4128 0.5713495
85 4225 0.5847751
85 4233 0.58588237
85 4192 0.5802076
85 4329 0.59916955
85 4093 0.5665052
85 4372 0.60512114
85 4164 0.57633215
85 4466 0.61813146
85 4228 0.5851903
85 4328 0.59903115
85 4370 0.6048443
85 4141 0.5731488
85 4237 0.586436
85 4352 0.6023529
85 4229 0.5853287
85 4516 0.6250519
85 4407 0.6099654
85 4274 0.5915571
85 4371 0.6049827
85 4484 0.6206228
85 4238 0.5865744
85 4115 0.56955016
85 4340 0.60069203
85 4216 0.5835294
85 4298 0.5948789
85 4277 0.5919723
85 4108 0.56858134
85 4244 0.58740485
85 4150 0.57439446
85 4344 0.6012457
85 4225 0.5847751
85 4235 0.58615917
85 4459 0.61716264
85 4270 0.5910035
85 4251 0.5883737
85 4270 0.5910035
85 4185 0.5792388
85 4256 0.58906573
85 4186 0.5793772
85 4336 0.6001384
85 4290 0.59377164
85 4313 0.596955
85 4370 0.6048443
85 4028 0.55750865
85 4395 0.6083045
85 4292 0.59404844
85 4366 0.60429066
85 4230 0.5854671
85 4299 0.5950173
85 4028 0.55750865
85 4143 0.5734256
85 4270 0.5910035
85 4374 0.60539794
85 4435 0.6138408
85 4334 0.59986156
85 4414 0.61093426
85 4264 0.590173
85 4289 0.59363323
85 4252 0.5885121
85 4247 0.58782005
85 4196 0.58076125
85 4170 0.5771626
85 3992 0.55252594
85 4343 0.60110724
85 4509 0.62408304
85 4345 0.6013841
85 4276 0.5918339
85 4395 0.6083045
85 4248 0.58795846
85 4262 0.5898962
85 4391 0.6077509
85 4275 0.5916955
85 4460 0.61730105
85 4166 0.576609
85 4238 0.5865744
85 4341 0.60083044
85 4342 0.60096884
85 4507 0.62380624
85 4343 0.60110724
85 4130 0.5716263
85 4254 0.5887889
85 4426 0.61259514
85 4438 0.6142561
85 4349 0.6019377
85 4320 0.5979239
85 4465 0.61799306
85 4252 0.5885121
85 4324 0.5984775
85 4406 0.609827
85 4175 0.5778547
85 4375 0.60553634
85 4096 0.5669204
85 4091 0.5662284
85 4348 0.6017993
85 4259 0.589481
85 4163 0.57619375
85 4422 0.61204153
85 4392 0.6078893
85 4554 0.6303114
85 4029 0.55764705
85 4202 0.58159167
85 4058 0.5616609
85 4315 0.5972318
85 4268 0.5907266
85 4199 0.58117646
85 4265 0.5903114
85 4396 0.6084429
85 4379 0.60608995
85 4336 0.6001384
85 4410 0.61038065
85 4130 0.5716263
85 4282 0.59266436
85 4257 0.58920413
85 4227 0.5850519
85 4400 0.6089965
85 4384 0.606782
85 4341 0.60083044
85 4030 0.55778545
85 4275 0.5916955
85 3995 0.5529412
85 4191 0.5800692
85 4274 0.5915571
85 4269 0.5908651
85 4184 0.5791004
85 4088 0.5658131
85 4437 0.6141176
85 4436 0.6139792
85 4143 0.5734256
85 4214 0.5832526
85 4333 0.59972316
85 4206 0.58214533
85 4205 0.58200693
85 4482 0.620346
85 4149 0.57425606
85 4364 0.60401386
85 4303 0.5955709
85 4454 0.6164706
85 4367 0.60442907
85 4257 0.58920413
85 4525 0.6262976
85 4202 0.58159167
85 4314 0.5970934
85 4281 0.59252596
85 4195 0.58062285
85 4201 0.58145326
85 4220 0.584083
85 4422 0.61204153
85 4305 0.5958477
85 4103 0.5678893
85 4198 0.58103806
85 4086 0.5655363
85 4243 0.58726645
85 4274 0.5915571
85 4367 0.60442907
85 4168 0.5768858
85 4414 0.61093426
85 4143 0.5734256
85 4173 0.5775778
85 4244 0.58740485
85 4289 0.59363323
85 4359 0.6033218
85 4411 0.61051905
85 4169 0.5770242
85 4133 0.5720415
85 4045 0.5598616
85 4353 0.6024914
85 4443 0.6149481
85 4395 0.6083045
85 4147 0.57397926
85 4298 0.5948789
85 4356 0.6029066
85 4242 0.58712804
85 4199 0.58117646
85 4392 0.6078893
85 4280 0.59238756
85 4366 0.60429066
85 4189 0.5797924
85 4144 0.573564
85 4309 0.5964014
85 4212 0.5829758
85 4283 0.59280276
85 4415 0.61107266
85 4297 0.5947405
85 4373 0.60525954
85 4417 0.61134946
85 4203 0.5817301
85 4072 0.56359863
85 4304 0.5957093
85 4539 0.6282353
85 4268 0.5907266
85 4363 0.60387546
85 4317 0.59750867
85 4231 0.58560556
85 4334 0.59986156
85 4296 0.59460205

Size : 90
90 4845 0.59814817
90 5060 0.62469137
90 4572 0.5644444
90 4613 0.56950617
90 4912 0.60641974
90 4674 0.57703704
90 4748 0.5861728
90 4762 0.58790123
90 4717 0.58234566
90 4705 0.5808642
90 4698 0.58
90 4974 0.61407405
90 4639 0.57271606
90 4877 0.60209876
90 4625 0.57098764
90 5097 0.6292593
90 4933 0.60901237
90 4947 0.6107407
90 4859 0.5998765
90 4663 0.575679
90 4624 0.5708642
90 5050 0.6234568
90 4930 0.608642
90 4797 0.5922222
90 4942 0.61012346
90 4785 0.59074074
90 4883 0.6028395
90 4754 0.5869136
90 4645 0.57345676
90 4741 0.5853087
90 4661 0.5754321
90 4778 0.58987653
90 4913 0.6065432
90 4576 0.56493825
90 4806 0.5933333
90 5017 0.61938274
90 4768 0.588642
90 4929 0.60851854
90 4490 0.554321
90 5051 0.6235802
90 4663 0.575679
90 4858 0.5997531
90 4885 0.6030864
90 4796 0.5920988
90 4860 0.6
90 4594 0.5671605
90 4864 0.60049385
90 4760 0.5876543
90 4901 0.6050617
90 4821 0.59518516
90 4674 0.57703704
90 4759 0.58753085
90 5016 0.61925924
90 4768 0.588642
90 5019 0.6196296
90 4889 0.60358024
90 4894 0.6041975
90 4661 0.5754321
90 4762 0.58790123
90 4640 0.5728395
90 4875 0.6018519
90 4847 0.59839505
90 4634 0.5720988
90 4999 0.6171605
90 4820 0.5950617
90 4792 0.59160495
90 4963 0.6127161
90 4875 0.6018519
90 4838 0.59728396
90 4848 0.5985185
90 4753 0.58679014
90 4959 0.6122222
90 4656 0.5748148
90 4955 0.61172837
90 4725 0.5833333
90 4853 0.5991358
90 4693 0.5793827
90 4947 0.6107407
90 4721 0.5828395
90 4712 0.5817284
90 4522 0.5582716
90 4760 0.5876543
90 5104 0.63012344
90 4727 0.58358026
90 4803 0.592963
90 4860 0.6
90 4931 0.6087654
90 4682 0.5780247
90 4581 0.5655556
90 4434 0.5474074
90 4723 0.58308643
90 4840 0.59753084
90 4682 0.5780247
90 4913 0.6065432
90 4725 0.5833333
90 4903 0.60530865
90 4942 0.61012346
90 4772 0.5891358
90 4938 0.60962963
90 4820 0.5950617
90 4723 0.58308643
90 4758 0.5874074
90 4887 0.60333335
90 4855 0.5993827
90 4835 0.5969136
90 4812 0.5940741
90 4987 0.615679
90 4830 0.5962963
90 4945 0.61049384
90 4998 0.61703706
90 5018 0.6195062
90 4936 0.6093827
90 4838 0.59728396
90 4877 0.60209876
90 4911 0.6062963
90 4983 0.6151852
90 4692 0.5792593
90 5013 0.6188889
90 4788 0.5911111
90 4750 0.58641976
90 4973 0.6139506
90 4839 0.5974074
90 4642 0.57308644
90 4904 0.6054321
90 4848 0.5985185
90 4696 0.5797531
90 4698 0.58
90 4909 0.60604936
90 4932 0.60888886
90 4859 0.5998765
90 4849 0.598642
90 4912 0.60641974
90 4776 0.58962965
90 4843 0.5979012
90 4964 0.6128395
90 4944 0.6103704
90 4621 0.5704938
90 4792 0.59160495
90 5005 0.6179012
90 4883 0.6028395
90 4843 0.5979012
90 4772 0.5891358
90 4706 0.58098763
90 4917 0.607037
90 4655 0.57469136
90 4756 0.58716047
90 4870 0.60123456
90 4927 0.6082716
90 5005 0.6179012
90 4710 0.58148146
90 4725 0.5833333
90 4731 0.5840741
90 4826 0.5958025
90 4824 0.59555554
90 4727 0.58358026
90 4994 0.61654323
90 4835 0.5969136
90 4616 0.56987655
90 4821 0.59518516
90 4716 0.5822222
90 4761 0.5877778
90 4862 0.6002469
90 5102 0.62987655
90 4969 0.6134568
90 4763 0.5880247
90 5027 0.6206173
90 4570 0.56419754
90 4700 0.5802469
90 4779 0.59
90 4760 0.5876543
90 4895 0.604321
90 4740 0.58518517
90 4475 0.55246913
90 5065 0.62530863
90 4762 0.58790123
90 4867 0.6008642
90 4868 0.6009877
90 4938 0.60962963
90 4801 0.59271604
90 4869 0.6011111
90 4647 0.5737037
90 4904 0.6054321
90 4766 0.58839506
90 4922 0.60765433
90 4727 0.58358026
90 4761 0.5877778
90 4883 0.6028395
90 4945 0.61049384
90 4828 0.59604937
90 5018 0.6195062
90 4906 0.60567904
90 4779 0.59
90 4624 0.5708642
90 4913 0.6065432
90 4763 0.5880247
90 4814 0.594321
90 4924 0.6079012
90 5015 0.6191358
90 4562 0.5632099
90 4801 0.59271604
90 4545 0.5611111
90 4594 0.5671605
90 4817 0.59469134
90 4644 0.5733333
90 4674 0.57703704
90 4809 0.5937037
90 4779 0.59
90 4708 0.5812346
90 4712 0.5817284
90 4655 0.57469136
90 4992 0.6162963
90 4606 0.56864196
90 4683 0.5781481
90 4784 0.5906173
90 4825 0.595679
90 4974 0.61407405
90 4488 0.55407405
90 4913 0.6065432
90 4588 0.5664198
90 4712 0.5817284
90 4891 0.6038272
90 4665 0.57592595
90 4742 0.5854321
90 4911 0.6062963
90 4755 0.587037
90 5123 0.6324691
90 4804 0.5930864
90 5155 0.6364198
90 4802 0.5928395
90 4730 0.58395064
90 4823 0.5954321
90 4986 0.6155556
90 4659 0.5751852
90 4886 0.60320985
90 4776 0.58962965
90 4874 0.6017284
90 4941 0.61
90 4834 0.59679013
90 4804 0.5930864
90 4821 0.59518516
90 4712 0.5817284
90 4715 0.5820988
90 4673 0.5769136
90 4746 0.58592594
90 4785 0.59074074
90 4844 0.59802467
90 4830 0.5962963
90 4565 0.5635803
90 4935 0.60925925
90 4788 0.5911111
90 5031 0.6211111
90 4731 0.5840741
90 4884 0.602963
90 4428 0.5466667
90 4696 0.5797531
90 4662 0.57555556
90 4917 0.607037
90 4840 0.59753084
90 4831 0.59641975
90 4895 0.604321
90 4880 0.60246915
90 4756 0.58716047
90 4786 0.5908642
90 4444 0.548642
90 4832 0.5965432
90 4673 0.5769136
90 4805 0.59320986
90 4725 0.5833333
90 4823 0.5954321
90 4751 0.5865432
90 4815 0.59444445
90 4770 0.5888889
90 4882 0.602716
90 4800 0.5925926
90 4876 0.6019753
90 4686 0.5785185
90 4901 0.6050617
90 4708 0.5812346
90 4666 0.5760494
90 4639 0.57271606
90 4774 0.5893827
90 4972 0.61382717
90 4597 0.5675309
90 4757 0.58728397
90 4818 0.59481484
90 4749 0.5862963
90 4812 0.5940741
90 4893 0.60407406
90 4807 0.5934568
90 4655 0.57469136
90 4730 0.58395064
90 4724 0.5832099
90 4931 0.6087654
90 4628 0.571358
90 4731 0.5840741
90 4958 0.61209875
90 4717 0.58234566
90 4678 0.57753086
90 4959 0.6122222
90 4828 0.59604937
90 4498 0.55530864
90 4677 0.5774074
90 4742 0.5854321
90 4401 0.54333335
90 4786 0.5908642
90 5083 0.6275309
90 4790 0.591358
90 5029 0.6208642
90 4770 0.5888889
90 4629 0.57148147
90 4632 0.57185185
90 4732 0.5841975
90 4901 0.6050617
90 4882 0.602716
90 4718 0.58246917
90 4666 0.5760494
90 4806 0.5933333
90 4818 0.59481484
90 4841 0.59765434
90 4786 0.5908642
90 4568 0.5639506
90 4878 0.6022222
90 4333 0.5349383
90 4504 0.5560494
90 4482 0.55333334
90 4456 0.55012345
90 4923 0.6077778
90 4794 0.59185183
90 4757 0.58728397
90 4755 0.587037
90 4941 0.61
90 4916 0.60691357
90 4911 0.6062963
90 5017 0.61938274
90 4634 0.5720988
90 4848 0.5985185
90 4873 0.60160494
90 4653 0.5744445
90 4666 0.5760494
90 4636 0.5723457
90 5062 0.62493825
90 4880 0.60246915
90 4653 0.5744445
90 4748 0.5861728
90 4982 0.6150617
90 4858 0.5997531
90 4834 0.59679013
90 4688 0.57876545
90 4831 0.59641975
90 4423 0.54604936
90 4747 0.5860494
90 4655 0.57469136
90 4773 0.58925927
90 4819 0.5949383
90 4617 0.57
90 5020 0.61975306
90 4737 0.5848148
90 4966 0.6130864
90 4736 0.58469135
90 4941 0.61
90 4726 0.5834568
90 4750 0.58641976
90 5056 0.62419754
90 4823 0.5954321
90 4892 0.6039506
90 5063 0.62506175
90 4684 0.5782716
90 4652 0.574321
90 4897 0.6045679
90 4762 0.58790123
90 4775 0.58950615
90 4666 0.5760494
90 4773 0.58925927
90 4898 0.6046914
90 4644 0.5733333
90 4916 0.60691357
90 4767 0.5885185
90 4866 0.60074073
90 4956 0.6118519
90 4878 0.6022222
90 4861 0.60012347
90 4984 0.61530864
90 4875 0.6018519
90 4938 0.60962963
90 4942 0.61012346
90 4828 0.59604937
90 5048 0.6232099
90 4632 0.57185185
90 4892 0.6039506
90 4828 0.59604937
90 4798 0.59234565
90 4859 0.5998765
90 4882 0.602716
90 4649 0.5739506
90 4642 0.57308644
90 4786 0.5908642
90 4909 0.60604936
90 4807 0.5934568
90 4688 0.57876545
90 4821 0.59518516
90 4570 0.56419754
90 4818 0.59481484
90 4754 0.5869136
90 4894 0.6041975
90 4719 0.5825926
90 4720 0.58271605
90 4964 0.6128395
90 5010 0.61851853
90 5112 0.6311111
90 4866 0.60074073
90 4895 0.604321
90 4604 0.5683951
90 4837 0.5971605
90 4684 0.5782716
90 4775 0.58950615
90 4716 0.5822222
90 4969 0.6134568
90 4864 0.60049385
90 4641 0.57296294
90 4809 0.5937037
90 4671 0.57666665
90 4684 0.5782716
90 4971 0.6137037
90 4773 0.58925927
90 4975 0.61419755
90 4926 0.60814816
90 4549 0.5616049
90 4618 0.57012343
90 5035 0.6216049
90 4844 0.59802467
90 4876 0.6019753
90 4720 0.58271605
90 4781 0.5902469
90 5190 0.64074075
90 4872 0.6014815
90 4876 0.6019753
90 4609 0.56901234
90 4446 0.54888886
90 4844 0.59802467
90 4872 0.6014815
90 4800 0.5925926
90 4797 0.5922222
90 4815 0.59444445
90 4865 0.6006173
90 5058 0.6244444
90 4818 0.59481484
90 4830 0.5962963
90 4986 0.6155556
90 4887 0.60333335
90 4809 0.5937037
90 4805 0.59320986
90 4541 0.56061727
90 4731 0.5840741
90 4824 0.59555554
90 4888 0.6034568
90 4883 0.6028395
90 4968 0.61333334
90 4751 0.5865432
90 4796 0.5920988
90 4917 0.607037
90 4782 0.59037036
90 5042 0.6224691
90 4999 0.6171605
90 4800 0.5925926
90 4740 0.58518517
90 5033 0.62135804
90 5110 0.6308642
90 4934 0.6091358
90 5012 0.6187654
90 4778 0.58987653
90 4638 0.5725926
90 4912 0.60641974
90 4707 0.58111113
90 4898 0.6046914
90 4842 0.5977778
90 4845 0.59814817
90 4647 0.5737037
90 4917 0.607037
90 5023 0.62012345
90 4801 0.59271604
90 4931 0.6087654
90 4876 0.6019753
90 4619 0.57024693
90 4833 0.5966667
90 4615 0.5697531
90 4593 0.56703705
90 4953 0.6114815
90 4527 0.5588889
90 4967 0.6132099
90 4918 0.6071605
90 4567 0.56382716
90 4837 0.5971605
90 4867 0.6008642
90 4807 0.5934568
90 5053 0.62382716
90 4784 0.5906173
90 4992 0.6162963
90 4769 0.58876544
90 4512 0.55703706
90 4796 0.5920988

Size : 95
95 5361 0.5940166
95 5588 0.619169
95 5494 0.60875344
95 5372 0.59523547
95 5363 0.5942382
95 5303 0.58759004
95 5631 0.6239335
95 5285 0.58559555
95 5571 0.6172853
95 5278 0.58482
95 5144 0.5699723
95 5403 0.59867036
95 5107 0.56587255
95 5333 0.59091413
95 5250 0.58171743
95 5479 0.6070914
95 5362 0.5941274
95 5184 0.5744044
95 5285 0.58559555
95 5440 0.6027701
95 5110 0.56620497
95 5555 0.6155125
95 5762 0.6384488
95 5503 0.6097507
95 5663 0.6274792
95 5210 0.5772853
95 5050 0.5595568
95 5476 0.606759
95 5042 0.55867034
95 5352 0.59301937
95 5280 0.5850415
95 5428 0.6014404
95 5204 0.5766205
95 5226 0.5790582
95 5164 0.5721884
95 5318 0.58925205
95 5352 0.59301937
95 5200 0.5761773
95 5522 0.611856
95 5343 0.5920222
95 5169 0.5727424
95 5370 0.59501386
95 5418 0.60033244
95 5234 0.5799446
95 4871 0.539723
95 5250 0.58171743
95 5314 0.58880883
95 5467 0.60576177
95 5440 0.6027701
95 5112 0.5664266
95 5362 0.5941274
95 5779 0.6403324
95 5342 0.5919114
95 5391 0.5973407
95 5296 0.5868144
95 5214 0.5777285
95 5300 0.5872576
95 5609 0.62149584
95 5576 0.61783934
95 5334 0.59102494
95 5494 0.60875344
95 5368 0.59479225
95 5651 0.6261496
95 5239 0.58049864
95 5422 0.6007756
95 5415 0.6
95 5461 0.60509694
95 5397 0.59800553
95 5623 0.6230471
95 5456 0.6045429
95 5343 0.5920222
95 5117 0.5669806
95 5304 0.58770084
95 5450 0.60387814
95 5282 0.58526313
95 5367 0.59468144
95 5310 0.5883657
95 5203 0.5765097
95 5446 0.6034349
95 5262 0.5830471
95 5509 0.6104155
95 5497 0.60908586
95 5339 0.59157896
95 5484 0.60764545
95 5352 0.59301937
95 5014 0.55556786
95 5404 0.59878117
95 5307 0.58803326
95 5327 0.5902493
95 5422 0.6007756
95 5554 0.6154017
95 5621 0.6228255
95 5346 0.5923546
95 5401 0.59844875
95 5382 0.5963435
95 5454 0.6043213
95 5502 0.6096399
95 5351 0.59290856
95 5630 0.6238227
95 5207 0.57695293
95 5172 0.5730748
95 5052 0.5597784
95 5213 0.5776177
95 5356 0.5934626
95 5392 0.5974515
95 5304 0.58770084
95 5379 0.5960111
95 5266 0.5834903
95 5696 0.63113576
95 5228 0.5792798
95 5142 0.56975067
95 5390 0.5972299
95 5441 0.6028809
95 5464 0.60542935
95 5328 0.5903601
95 5370 0.59501386
95 5370 0.59501386
95 5247 0.581385
95 5303 0.58759004
95 5101 0.5652078
95 5306 0.58792245
95 5361 0.5940166
95 5252 0.58193904
95 5449 0.60376734
95 5593 0.61972296
95 5292 0.5863712
95 5323 0.5898061
95 5332 0.5908033
95 5349 0.59268695
95 5343 0.5920222
95 5297 0.5869252
95 5362 0.5941274
95 5417 0.60022163
95 5494 0.60875344
95 5233 0.5798338
95 5196 0.5757341
95 5232 0.579723
95 5244 0.58105266
95 5090 0.5639889
95 5221 0.57850415
95 5372 0.59523547
95 5206 0.5768421
95 4996 0.5535734
95 5365 0.59445983
95 5115 0.566759
95 5148 0.5704155
95 5507 0.6101939
95 5225 0.57894737
95 4974 0.5511357
95 5357 0.5935734
95 5228 0.5792798
95 5104 0.5655402
95 5432 0.60188365
95 5284 0.58548474
95 5198 0.5759557
95 5370 0.59501386
95 5344 0.592133
95 5171 0.572964
95 5240 0.58060944
95 5696 0.63113576
95 5342 0.5919114
95 5021 0.5563435
95 5270 0.58393353
95 5501 0.6095291
95 5497 0.60908586
95 5252 0.58193904
95 5391 0.5973407
95 5508 0.6103047
95 5477 0.6068698
95 5309 0.58825487
95 5372 0.59523547
95 5340 0.59168977
95 5395 0.5977839
95 5443 0.6031025
95 5473 0.6064266
95 5300 0.5872576
95 5414 0.5998892
95 5295 0.5867036
95 5262 0.5830471
95 5346 0.5923546
95 5437 0.6024377
95 5264 0.5832687
95 5371 0.59512466
95 5388 0.5970083
95 5418 0.60033244
95 5587 0.6190582
95 5078 0.56265926
95 5356 0.5934626
95 5454 0.6043213
95 5225 0.57894737
95 5474 0.6065374
95 5290 0.5861496
95 5266 0.5834903
95 5349 0.59268695
95 5336 0.59124655
95 5434 0.60210526
95 5321 0.58958447
95 5502 0.6096399
95 5208 0.57706374
95 5493 0.60864264
95 5552 0.6151801
95 5466 0.60565096
95 5414 0.5998892
95 5180 0.5739612
95 5545 0.61440444
95 5395 0.5977839
95 5492 0.60853183
95 5220 0.57839334
95 5231 0.5796122
95 5413 0.5997784
95 5265 0.5833795
95 5256 0.58238226
95 5272 0.58415514
95 5410 0.599446
95 5212 0.5775069
95 5318 0.58925205
95 5494 0.60875344
95 5287 0.58581716
95 5476 0.606759
95 5094 0.56443214
95 5214 0.5777285
95 5348 0.5925762
95 5525 0.61218834
95 5174 0.5732964
95 5359 0.593795
95 5369 0.59490305
95 5331 0.5906925
95 5347 0.5924654
95 5313 0.5886981
95 5526 0.61229914
95 5373 0.5953463
95 5354 0.593241
95 5286 0.58570635
95 5268 0.5837119
95 5266 0.5834903
95 5783 0.6407756
95 5339 0.59157896
95 5362 0.5941274
95 5284 0.58548474
95 5476 0.606759
95 5401 0.59844875
95 5628 0.6236011
95 5173 0.5731856
95 5454 0.6043213
95 5341 0.5918006
95 5256 0.58238226
95 5233 0.5798338
95 5401 0.59844875
95 5327 0.5902493
95 5123 0.56764543
95 5347 0.5924654
95 5334 0.59102494
95 5378 0.5959003
95 5341 0.5918006
95 5200 0.5761773
95 5463 0.60531855
95 5216 0.5779501
95 5296 0.5868144
95 5610 0.62160665
95 5632 0.6240443
95 5639 0.62481993
95 5192 0.57529086
95 5313 0.5886981
95 5221 0.57850415
95 5364 0.594349
95 5369 0.59490305
95 5771 0.63944596
95 5163 0.5720776
95 5392 0.5974515
95 5552 0.6151801
95 5638 0.6247091
95 5381 0.5962327
95 5225 0.57894737
95 5437 0.6024377
95 5401 0.59844875
95 5499 0.60930747
95 5227 0.579169
95 5207 0.57695293
95 5603 0.620831
95 5475 0.6066482
95 5271 0.58404434
95 5130 0.56842107
95 5565 0.6166205
95 5048 0.5593352
95 5478 0.6069806
95 5224 0.57883656
95 5395 0.5977839
95 5152 0.5708587
95 4960 0.5495845
95 5832 0.646205
95 5465 0.60554016
95 5195 0.5756233
95 5415 0.6
95 5405 0.598892
95 5478 0.6069806
95 5489 0.6081994
95 4923 0.5454848
95 5400 0.59833795
95 5268 0.5837119
95 5496 0.60897505
95 5326 0.5901385
95 5525 0.61218834
95 5446 0.6034349
95 5353 0.5931302
95 5406 0.5990028
95 5315 0.58891964
95 5246 0.5812742
95 5495 0.60886425
95 5483 0.60753465
95 5730 0.6349031
95 5342 0.5919114
95 5185 0.5745152
95 5360 0.5939058
95 5488 0.6080887
95 5547 0.61462605
95 5159 0.57163435
95 5132 0.5686427
95 5410 0.599446
95 5185 0.5745152
95 5419 0.6004432
95 5248 0.5814958
95 5256 0.58238226
95 5361 0.5940166
95 5544 0.61429363
95 5055 0.5601108
95 5624 0.6231579
95 5373 0.5953463
95 5346 0.5923546
95 5333 0.59091413
95 5377 0.5957895
95 5423 0.6008864
95 5457 0.6046537
95 5422 0.6007756
95 5407 0.5991136
95 5392 0.5974515
95 5373 0.5953463
95 5104 0.5655402
95 5342 0.5919114
95 5524 0.61207753
95 5449 0.60376734
95 5402 0.59855956
95 5373 0.5953463
95 5510 0.6105263
95 5409 0.5993352
95 5191 0.57518005
95 5400 0.59833795
95 5429 0.60155123
95 5344 0.592133
95 5360 0.5939058
95 5133 0.5687535
95 5503 0.6097507
95 5413 0.5997784
95 5409 0.5993352
95 5311 0.5884765
95 5583 0.618615
95 5559 0.61595565
95 5389 0.5971191
95 5286 0.58570635
95 5515 0.61108035
95 5191 0.57518005
95 5489 0.6081994
95 5088 0.5637673
95 5272 0.58415514
95 5361 0.5940166
95 5134 0.5688643
95 5568 0.6169529
95 5258 0.5826039
95 5692 0.63069254
95 5253 0.58204985
95 5263 0.5831579
95 5209 0.57717454
95 5136 0.5690859
95 5197 0.5758449
95 5177 0.5736288
95 5506 0.6100831
95 5102 0.5653186
95 5344 0.592133
95 5095 0.56454295
95 5334 0.59102494
95 5203 0.5765097
95 5483 0.60753465
95 5518 0.61141276
95 5238 0.58038783
95 5271 0.58404434
95 5380 0.5961219
95 5456 0.6045429
95 5207 0.57695293
95 5218 0.57817173
95 5243 0.58094186
95 5313 0.5886981
95 5494 0.60875344
95 5412 0.5996676
95 5335 0.59113574
95 5311 0.5884765
95 5436 0.60232687
95 5189 0.57495844
95 5341 0.5918006
95 5425 0.601108
95 5236 0.5801662
95 5371 0.59512466
95 5171 0.572964
95 5335 0.59113574
95 5180 0.5739612
95 5720 0.633795
95 5411 0.5995568
95 5282 0.58526313
95 5406 0.5990028
95 5389 0.5971191
95 5707 0.63235456
95 5186 0.574626
95 5372 0.59523547
95 5185 0.5745152
95 5201 0.5762881
95 5493 0.60864264
95 5348 0.5925762
95 5264 0.5832687
95 5241 0.58072025
95 5314 0.58880883
95 5301 0.5873684
95 5289 0.58603877
95 5127 0.56808865
95 5425 0.601108
95 5268 0.5837119
95 5213 0.5776177
95 5369 0.59490305
95 5249 0.5816066
95 5255 0.58227146
95 5249 0.5816066
95 5487 0.60797787
95 5116 0.5668698
95 5391 0.5973407
95 5511 0.6106371
95 5081 0.5629917
95 5348 0.5925762
95 5351 0.59290856
95 5035 0.55789477
95 5147 0.5703047
95 5373 0.5953463
95 5201 0.5762881
95 5261 0.5829363
95 5163 0.5720776
95 5154 0.5710803
95 5456 0.6045429
95 5360 0.5939058
95 5197 0.5758449
95 5389 0.5971191
95 5282 0.58526313
95 5391 0.5973407
95 5405 0.598892
95 5558 0.61584485
95 5298 0.587036
95 5200 0.5761773
95 5399 0.59822714
95 5462 0.60520774
95 5460 0.60498613
95 5520 0.6116344
95 5229 0.5793906
95 5196 0.5757341
95 5266 0.5834903
95 5344 0.592133
95 5236 0.5801662
95 5429 0.60155123
95 5276 0.58459836
95 5612 0.62182826
95 5079 0.56277007
95 5404 0.59878117
95 5468 0.6058726
95 5276 0.58459836
95 5282 0.58526313
95 5390 0.5972299
95 5182 0.5741828
95 5396 0.5978947
95 5479 0.6070914
95 4956 0.5491413
95 5317 0.58914125
95 5419 0.6004432
95 5177 0.5736288
95 5156 0.57130194
95 5625 0.6232687
95 5136 0.5690859
95 5324 0.5899169
95 5555 0.6155125
95 5484 0.60764545
95 5565 0.6166205
95 5060 0.56066483
95 5519 0.61152357
95 5361 0.5940166
95 5202 0.5763989
95 5516 0.61119115
95 5336 0.59124655
95 5514 0.61096954
95 5305 0.58781165
95 5125 0.56786704
95 5275 0.58448756
95 5234 0.5799446
95 5357 0.5935734
95 5278 0.58482
95 5376 0.5956787
95 5041 0.55855954
95 5389 0.5971191

Size : 100
100 5789 0.5789
100 5781 0.5781
100 6032 0.6032
100 6271 0.6271
100 5606 0.5606
100 6045 0.6045
100 5783 0.5783
100 6054 0.6054
100 5553 0.5553
100 5952 0.5952
100 5940 0.594
100 5844 0.5844
100 5980 0.598
100 5786 0.5786
100 5886 0.5886
100 6131 0.6131
100 5885 0.5885
100 5777 0.5777
100 6049 0.6049
100 5902 0.5902
100 6044 0.6044
100 5756 0.5756
100 5650 0.565
100 6036 0.6036
100 5751 0.5751
100 5408 0.5408
100 5851 0.5851
100 6015 0.6015
100 5855 0.5855
100 5928 0.5928
100 5960 0.596
100 6206 0.6206
100 5733 0.5733
100 6112 0.6112
100 5931 0.5931
100 5832 0.5832
100 5643 0.5643
100 5990 0.599
100 5700 0.57
100 5867 0.5867
100 5618 0.5618
100 5691 0.5691
100 6010 0.601
100 6120 0.612
100 5879 0.5879
100 6026 0.6026
100 5774 0.5774
100 6059 0.6059
100 5680 0.568
100 5939 0.5939
100 6070 0.607
100 6157 0.6157
100 5945 0.5945
100 5459 0.5459
100 5852 0.5852
100 5858 0.5858
100 5896 0.5896
100 6094 0.6094
100 5656 0.5656
100 5967 0.5967
100 5837 0.5837
100 5951 0.5951
100 6261 0.6261
100 5971 0.5971
100 6018 0.6018
100 5827 0.5827
100 5850 0.585
100 5574 0.5574
100 6003 0.6003
100 6119 0.6119
100 5688 0.5688
100 5900 0.59
100 5819 0.5819
100 5999 0.5999
100 6335 0.6335
100 5690 0.569
100 6086 0.6086
100 6254 0.6254
100 5924 0.5924
100 6072 0.6072
100 5841 0.5841
100 5801 0.5801
100 5864 0.5864
100 5960 0.596
100 5856 0.5856
100 5955 0.5955
100 5921 0.5921
100 6167 0.6167
100 5920 0.592
100 6135 0.6135
100 5855 0.5855
100 5818 0.5818
100 5980 0.598
100 5907 0.5907
100 5949 0.5949
100 6104 0.6104
100 6009 0.6009
100 5921 0.5921
100 6039 0.6039
100 6055 0.6055
100 6019 0.6019
100 5819 0.5819
100 5757 0.5757
100 5795 0.5795
100 6012 0.6012
100 6033 0.6033
100 6117 0.6117
100 5677 0.5677
100 5785 0.5785
100 6124 0.6124
100 5871 0.5871
100 5920 0.592
100 5876 0.5876
100 5901 0.5901
100 5852 0.5852
100 6042 0.6042
100 5847 0.5847
100 5827 0.5827
100 5823 0.5823
100 6032 0.6032
100 6090 0.609
100 5831 0.5831
100 5850 0.585
100 6047 0.6047
100 6062 0.6062
100 6012 0.6012
100 5841 0.5841
100 5848 0.5848
100 5912 0.5912
100 6276 0.6276
100 5849 0.5849
100 5873 0.5873
100 6212 0.6212
100 5948 0.5948
100 6095 0.6095
100 5888 0.5888
100 5769 0.5769
100 5788 0.5788
100 6203 0.6203
100 5948 0.5948
100 5993 0.5993
100 5994 0.5994
100 6206 0.6206
100 5823 0.5823
100 6037 0.6037
100 6119 0.6119
100 5659 0.5659
100 5622 0.5622
100 5926 0.5926
100 6062 0.6062
100 6176 0.6176
100 5956 0.5956
100 5944 0.5944
100 5846 0.5846
100 5777 0.5777
100 5942 0.5942
100 5906 0.5906
100 5581 0.5581
100 5878 0.5878
100 5773 0.5773
100 5942 0.5942
100 5804 0.5804
100 5784 0.5784
100 6335 0.6335
100 6167 0.6167
100 6032 0.6032
100 5980 0.598
100 5902 0.5902
100 6294 0.6294
100 6133 0.6133
100 5870 0.587
100 6148 0.6148
100 5890 0.589
100 5914 0.5914
100 5859 0.5859
100 5754 0.5754
100 6178 0.6178
100 5799 0.5799
100 5927 0.5927
100 5973 0.5973
100 5875 0.5875
100 5694 0.5694
100 6093 0.6093
100 5891 0.5891
100 5841 0.5841
100 6021 0.6021
100 5938 0.5938
100 6029 0.6029
100 5680 0.568
100 5907 0.5907
100 5950 0.595
100 6077 0.6077
100 5975 0.5975
100 5754 0.5754
100 5812 0.5812
100 6100 0.61
100 5681 0.5681
100 5939 0.5939
100 5884 0.5884
100 6044 0.6044
100 6304 0.6304
100 6106 0.6106
100 5896 0.5896
100 6241 0.6241
100 5694 0.5694
100 5650 0.565
100 5975 0.5975
100 5848 0.5848
100 5830 0.583
100 5827 0.5827
100 5779 0.5779
100 6331 0.6331
100 5633 0.5633
100 5648 0.5648
100 5953 0.5953
100 6040 0.604
100 6160 0.616
100 6066 0.6066
100 5949 0.5949
100 5867 0.5867
100 5604 0.5604
100 5970 0.597
100 5849 0.5849
100 5965 0.5965
100 5664 0.5664
100 5931 0.5931
100 6181 0.6181
100 6009 0.6009
100 5917 0.5917
100 5820 0.582
100 5706 0.5706
100 5932 0.5932
100 5810 0.581
100 5501 0.5501
100 6061 0.6061
100 6270 0.627
100 5929 0.5929
100 6152 0.6152
100 5918 0.5918
100 5882 0.5882
100 5702 0.5702
100 6197 0.6197
100 6181 0.6181
100 5865 0.5865
100 5689 0.5689
100 6243 0.6243
100 5821 0.5821
100 6100 0.61
100 6135 0.6135
100 6060 0.606
100 5751 0.5751
100 6261 0.6261
100 5918 0.5918
100 6048 0.6048
100 5772 0.5772
100 5816 0.5816
100 5777 0.5777
100 5927 0.5927
100 6107 0.6107
100 5911 0.5911
100 5964 0.5964
100 5845 0.5845
100 5662 0.5662
100 5858 0.5858
100 6116 0.6116
100 5969 0.5969
100 6195 0.6195
100 5845 0.5845
100 6084 0.6084
100 5770 0.577
100 5952 0.5952
100 5819 0.5819
100 6109 0.6109
100 5996 0.5996
100 5829 0.5829
100 5835 0.5835
100 6127 0.6127
100 5949 0.5949
100 5927 0.5927
100 5874 0.5874
100 5970 0.597
100 5646 0.5646
100 5875 0.5875
100 5859 0.5859
100 5838 0.5838
100 5559 0.5559
100 5744 0.5744
100 6024 0.6024
100 5913 0.5913
100 6043 0.6043
100 6102 0.6102
100 5868 0.5868
100 5504 0.5504
100 5830 0.583
100 5587 0.5587
100 5915 0.5915
100 5994 0.5994
100 5902 0.5902
100 5981 0.5981
100 5980 0.598
100 5948 0.5948
100 5814 0.5814
100 6127 0.6127
100 6206 0.6206
100 5854 0.5854
100 5816 0.5816
100 6215 0.6215
100 5722 0.5722
100 6255 0.6255
100 5721 0.5721
100 6070 0.607
100 5971 0.5971
100 5976 0.5976
100 6083 0.6083
100 5800 0.58
100 5951 0.5951
100 5922 0.5922
100 5830 0.583
100 5368 0.5368
100 6190 0.619
100 6245 0.6245
100 5865 0.5865
100 5677 0.5677
100 5965 0.5965
100 5751 0.5751
100 5889 0.5889
100 6085 0.6085
100 6051 0.6051
100 5891 0.5891
100 6096 0.6096
100 5935 0.5935
100 5636 0.5636
100 5772 0.5772
100 5856 0.5856
100 5788 0.5788
100 5996 0.5996
100 6007 0.6007
100 5864 0.5864
100 5938 0.5938
100 6021 0.6021
100 5890 0.589
100 6064 0.6064
100 5628 0.5628
100 5978 0.5978
100 6112 0.6112
100 5804 0.5804
100 6065 0.6065
100 6234 0.6234
100 6090 0.609
100 5667 0.5667
100 5799 0.5799
100 5977 0.5977
100 5886 0.5886
100 6127 0.6127
100 5633 0.5633
100 6308 0.6308
100 6077 0.6077
100 5831 0.5831
100 5715 0.5715
100 6040 0.604
100 6121 0.6121
100 6101 0.6101
100 6153 0.6153
100 5854 0.5854
100 5977 0.5977
100 6041 0.6041
100 5904 0.5904
100 5944 0.5944
100 5881 0.5881
100 5690 0.569
100 6229 0.6229
100 5724 0.5724
100 5870 0.587
100 5893 0.5893
100 6036 0.6036
100 6035 0.6035
100 5838 0.5838
100 5813 0.5813
100 5847 0.5847
100 5702 0.5702
100 5795 0.5795
100 5948 0.5948
100 6029 0.6029
100 6193 0.6193
100 6075 0.6075
100 5995 0.5995
100 6085 0.6085
100 6044 0.6044
100 5721 0.5721
100 6124 0.6124
100 6043 0.6043
100 5883 0.5883
100 5758 0.5758
100 5911 0.5911
100 5745 0.5745
100 5992 0.5992
100 5822 0.5822
100 5957 0.5957
100 5903 0.5903
100 6041 0.6041
100 5699 0.5699
100 5902 0.5902
100 6047 0.6047
100 5685 0.5685
100 6168 0.6168
100 6006 0.6006
100 6268 0.6268
100 5801 0.5801
100 6279 0.6279
100 5999 0.5999
100 5840 0.584
100 5891 0.5891
100 5835 0.5835
100 5772 0.5772
100 5981 0.5981
100 5803 0.5803
100 5875 0.5875
100 5960 0.596
100 6034 0.6034
100 5982 0.5982
100 5977 0.5977
100 5868 0.5868
100 6275 0.6275
100 6075 0.6075
100 5940 0.594
100 5675 0.5675
100 5741 0.5741
100 5884 0.5884
100 6068 0.6068
100 5824 0.5824
100 6101 0.6101
100 5896 0.5896
100 5965 0.5965
100 5954 0.5954
100 5952 0.5952
100 6215 0.6215
100 5972 0.5972
100 6574 0.6574
100 5992 0.5992
100 6035 0.6035
100 5978 0.5978
100 5949 0.5949
100 5711 0.5711
100 5730 0.573
100 5875 0.5875
100 6130 0.613
100 5771 0.5771
100 6080 0.608
100 5883 0.5883
100 6015 0.6015
100 6072 0.6072
100 6080 0.608
100 5733 0.5733
100 5895 0.5895
100 5829 0.5829
100 5729 0.5729
100 5833 0.5833
100 6040 0.604
100 5414 0.5414
100 6100 0.61
100 6092 0.6092
100 5800 0.58
100 6382 0.6382
100 5984 0.5984
100 5995 0.5995
100 5934 0.5934
100 5916 0.5916
100 6096 0.6096
100 5742 0.5742
100 5682 0.5682
100 6288 0.6288
100 6208 0.6208
100 5845 0.5845
100 6150 0.615
100 5826 0.5826
100 5920 0.592
100 6225 0.6225
100 5927 0.5927
100 5913 0.5913
100 5932 0.5932
100 5751 0.5751
100 5641 0.5641
100 6094 0.6094
100 6096 0.6096
100 6038 0.6038
100 5978 0.5978
100 6079 0.6079
100 5900 0.59
100 5913 0.5913
100 5853 0.5853
100 5805 0.5805
100 5782 0.5782
100 5877 0.5877
100 5711 0.5711
100 5837 0.5837
100 6045 0.6045
100 5813 0.5813
100 6017 0.6017
100 5889 0.5889
100 6142 0.6142
