Runs :100
Difference : 0.001
0.00000 100 0 0.0
0.00100000 100 0 0.0
0.00200000 100 0 0.0
0.00300000 100 0 0.0
0.00400000 100 0 0.0
0.00500000 100 0 0.0
0.00600000 100 0 0.0
0.00700000 100 0 0.0
0.00800000 100 0 0.0
0.00900000 100 0 0.0
0.0100000 100 0 0.0
0.0110000 100 0 0.0
0.0120000 100 0 0.0
0.0130000 100 0 0.0
0.0140000 100 0 0.0
0.0150000 100 0 0.0
0.0160000 100 0 0.0
0.0170000 100 0 0.0
0.0180000 100 0 0.0
0.0190000 100 0 0.0
0.0200000 100 0 0.0
0.0210000 100 0 0.0
0.0220000 100 0 0.0
0.0230000 100 0 0.0
0.0240000 100 0 0.0
0.0250000 100 0 0.0
0.0260000 100 0 0.0
0.0270000 100 0 0.0
0.0280000 100 0 0.0
0.0290000 100 0 0.0
0.0300000 100 0 0.0
0.0310000 100 0 0.0
0.0320000 100 0 0.0
0.0330000 100 0 0.0
0.0340000 100 0 0.0
0.0350000 100 0 0.0
0.0360000 100 0 0.0
0.0370000 100 0 0.0
0.0380000 100 0 0.0
0.0390000 100 0 0.0
0.0400000 100 0 0.0
0.0410000 100 0 0.0
0.0420000 100 0 0.0
0.0430000 100 0 0.0
0.0440000 100 0 0.0
0.0450000 100 0 0.0
0.0460000 100 0 0.0
0.0470000 100 0 0.0
0.0480000 100 0 0.0
0.0490000 100 0 0.0
0.0500000 100 0 0.0
0.0510000 100 0 0.0
0.0520000 100 0 0.0
0.0530000 100 0 0.0
0.0540000 100 0 0.0
0.0550000 100 0 0.0
0.0560000 100 0 0.0
0.0570000 100 0 0.0
0.0580000 100 0 0.0
0.0590000 100 0 0.0
0.0600000 100 0 0.0
0.0610000 100 0 0.0
0.0620000 100 0 0.0
0.0630000 100 0 0.0
0.0640000 100 0 0.0
0.0650000 100 0 0.0
0.0660000 100 0 0.0
0.0670000 100 0 0.0
0.0680000 100 0 0.0
0.0690000 100 0 0.0
0.0700000 100 0 0.0
0.0710000 100 0 0.0
0.0720000 100 0 0.0
0.0730000 100 0 0.0
0.0740000 100 0 0.0
0.0750000 100 0 0.0
0.0760000 100 0 0.0
0.0770000 100 0 0.0
0.0780000 100 0 0.0
0.0790000 100 0 0.0
0.0800000 100 0 0.0
0.0810000 100 0 0.0
0.0820000 100 0 0.0
0.0830000 100 0 0.0
0.0840000 100 0 0.0
0.0850000 100 0 0.0
0.0860000 100 0 0.0
0.0870000 100 0 0.0
0.0880000 100 0 0.0
0.0890000 100 0 0.0
0.0900000 100 0 0.0
0.0910000 100 0 0.0
0.0920000 100 0 0.0
0.0930000 100 0 0.0
0.0940000 100 0 0.0
0.0950000 100 0 0.0
0.0960000 100 0 0.0
0.0970000 100 0 0.0
0.0980000 100 0 0.0
0.0990000 100 0 0.0
0.100000 100 0 0.0
0.101000 100 0 0.0
0.102000 100 0 0.0
0.103000 100 0 0.0
0.104000 100 0 0.0
0.105000 100 0 0.0
0.106000 100 0 0.0
0.107000 100 0 0.0
0.108000 100 0 0.0
0.109000 100 0 0.0
0.110000 100 0 0.0
0.111000 100 0 0.0
0.112000 100 0 0.0
0.113000 100 0 0.0
0.114000 100 0 0.0
0.115000 100 0 0.0
0.116000 100 0 0.0
0.117000 100 0 0.0
0.118000 100 0 0.0
0.119000 100 0 0.0
0.120000 100 0 0.0
0.121000 100 0 0.0
0.122000 100 0 0.0
0.123000 100 0 0.0
0.124000 100 0 0.0
0.125000 100 0 0.0
0.126000 100 0 0.0
0.127000 100 0 0.0
0.128000 100 0 0.0
0.129000 100 0 0.0
0.130000 100 0 0.0
0.131000 100 0 0.0
0.132000 100 0 0.0
0.133000 100 0 0.0
0.134000 100 0 0.0
0.135000 100 0 0.0
0.136000 100 0 0.0
0.137000 100 0 0.0
0.138000 100 0 0.0
0.139000 100 0 0.0
0.140000 100 0 0.0
0.141000 100 0 0.0
0.142000 100 0 0.0
0.143000 100 0 0.0
0.144000 100 0 0.0
0.145000 100 0 0.0
0.146000 100 0 0.0
0.147000 100 0 0.0
0.148000 100 0 0.0
0.149000 100 0 0.0
0.150000 100 0 0.0
0.151000 100 0 0.0
0.152000 100 0 0.0
0.153000 100 0 0.0
0.154000 100 0 0.0
0.155000 100 0 0.0
0.156000 100 0 0.0
0.157000 100 0 0.0
0.158000 100 0 0.0
0.159000 100 0 0.0
0.160000 100 0 0.0
0.161000 100 0 0.0
0.162000 100 0 0.0
0.163000 100 0 0.0
0.164000 100 0 0.0
0.165000 100 0 0.0
0.166000 100 0 0.0
0.167000 100 0 0.0
0.168000 100 0 0.0
0.169000 100 0 0.0
0.170000 100 0 0.0
0.171000 100 0 0.0
0.172000 100 0 0.0
0.173000 100 0 0.0
0.174000 100 0 0.0
0.175000 100 0 0.0
0.176000 100 0 0.0
0.177000 100 0 0.0
0.178000 100 0 0.0
0.179000 100 0 0.0
0.180000 100 0 0.0
0.181000 100 0 0.0
0.182000 100 0 0.0
0.183000 100 0 0.0
0.184000 100 0 0.0
0.185000 100 0 0.0
0.186000 100 0 0.0
0.187000 100 0 0.0
0.188000 100 0 0.0
0.189000 100 0 0.0
0.190000 100 0 0.0
0.191000 100 0 0.0
0.192000 100 0 0.0
0.193000 100 0 0.0
0.194000 100 0 0.0
0.195000 100 0 0.0
0.196000 100 0 0.0
0.197000 100 0 0.0
0.198000 100 0 0.0
0.199000 100 0 0.0
0.200000 100 0 0.0
0.201000 100 0 0.0
0.202000 100 0 0.0
0.203000 100 0 0.0
0.204000 100 0 0.0
0.205000 100 0 0.0
0.206000 100 0 0.0
0.207000 100 0 0.0
0.208000 100 0 0.0
0.209000 100 0 0.0
0.210000 100 0 0.0
0.211000 100 0 0.0
0.212000 100 0 0.0
0.213000 100 0 0.0
0.214000 100 0 0.0
0.215000 100 0 0.0
0.216000 100 0 0.0
0.217000 100 0 0.0
0.218000 100 0 0.0
0.219000 100 0 0.0
0.220000 100 0 0.0
0.221000 100 0 0.0
0.222000 100 0 0.0
0.223000 100 0 0.0
0.224000 100 0 0.0
0.225000 100 0 0.0
0.226000 100 0 0.0
0.227000 100 0 0.0
0.228000 100 0 0.0
0.229000 100 0 0.0
0.230000 100 0 0.0
0.231000 100 0 0.0
0.232000 100 0 0.0
0.233000 100 0 0.0
0.234000 100 0 0.0
0.235000 100 0 0.0
0.236000 100 0 0.0
0.237000 100 0 0.0
0.238000 100 0 0.0
0.239000 100 0 0.0
0.240000 100 0 0.0
0.241000 100 0 0.0
0.242000 100 0 0.0
0.243000 100 0 0.0
0.244000 100 0 0.0
0.245000 100 0 0.0
0.246000 100 0 0.0
0.247000 100 0 0.0
0.248000 100 0 0.0
0.249000 100 0 0.0
0.250000 100 0 0.0
0.251000 100 0 0.0
0.252000 100 0 0.0
0.253000 100 0 0.0
0.254000 100 0 0.0
0.255000 100 0 0.0
0.256000 100 0 0.0
0.257000 100 0 0.0
0.258000 100 0 0.0
0.259000 100 0 0.0
0.260000 100 0 0.0
0.261000 100 0 0.0
0.262000 100 0 0.0
0.263000 100 0 0.0
0.264000 100 0 0.0
0.265000 100 0 0.0
0.266000 100 0 0.0
0.267000 100 0 0.0
0.268000 100 0 0.0
0.269000 100 0 0.0
0.270000 100 0 0.0
0.271000 100 0 0.0
0.272000 100 0 0.0
0.273000 100 0 0.0
0.274000 100 0 0.0
0.275000 100 0 0.0
0.276000 100 0 0.0
0.277000 100 0 0.0
0.278000 100 0 0.0
0.279000 100 0 0.0
0.280000 100 0 0.0
0.281000 100 0 0.0
0.282000 100 0 0.0
0.283000 100 0 0.0
0.284000 100 0 0.0
0.285000 100 0 0.0
0.286000 100 0 0.0
0.287000 100 0 0.0
0.288000 100 0 0.0
0.289000 100 0 0.0
0.290000 100 0 0.0
0.291000 100 0 0.0
0.292000 100 0 0.0
0.293000 100 0 0.0
0.294000 100 0 0.0
0.295000 100 0 0.0
0.296000 100 0 0.0
0.297000 100 0 0.0
0.298000 100 0 0.0
0.299000 100 0 0.0
0.300000 100 0 0.0
0.301000 100 0 0.0
0.302000 100 0 0.0
0.303000 100 0 0.0
0.304000 100 0 0.0
0.305000 100 0 0.0
0.306000 100 0 0.0
0.307000 100 0 0.0
0.308000 100 0 0.0
0.309000 100 0 0.0
0.310000 100 0 0.0
0.311000 100 0 0.0
0.312000 100 0 0.0
0.313000 100 0 0.0
0.314000 100 0 0.0
0.315000 100 0 0.0
0.316000 100 0 0.0
0.317000 100 0 0.0
0.318000 100 0 0.0
0.319000 100 0 0.0
0.320000 100 0 0.0
0.321000 100 0 0.0
0.322000 100 0 0.0
0.323000 100 0 0.0
0.324000 100 0 0.0
0.325000 100 0 0.0
0.326000 100 0 0.0
0.327000 100 0 0.0
0.328000 100 0 0.0
0.329000 100 0 0.0
0.330000 100 0 0.0
0.331000 100 0 0.0
0.332000 100 0 0.0
0.333000 100 0 0.0
0.334000 100 0 0.0
0.335000 100 0 0.0
0.336000 100 0 0.0
0.337000 100 0 0.0
0.338000 100 0 0.0
0.339000 100 0 0.0
0.340000 100 0 0.0
0.341000 100 0 0.0
0.342000 100 0 0.0
0.343000 100 0 0.0
0.344000 100 0 0.0
0.345000 100 0 0.0
0.346000 100 0 0.0
0.347000 100 0 0.0
0.348000 100 0 0.0
0.349000 100 0 0.0
0.350000 100 0 0.0
0.351000 100 0 0.0
0.352000 100 0 0.0
0.353000 100 0 0.0
0.354000 100 0 0.0
0.355000 100 0 0.0
0.356000 100 0 0.0
0.357000 100 0 0.0
0.358000 100 0 0.0
0.359000 100 0 0.0
0.360000 100 0 0.0
0.361000 100 0 0.0
0.362000 100 0 0.0
0.363000 100 0 0.0
0.364000 100 0 0.0
0.365000 100 0 0.0
0.366000 100 0 0.0
0.367000 100 0 0.0
0.368000 100 0 0.0
0.369000 100 0 0.0
0.370000 100 0 0.0
0.371000 100 0 0.0
0.372000 100 0 0.0
0.373000 100 0 0.0
0.374000 100 0 0.0
0.375000 100 0 0.0
0.376000 100 0 0.0
0.377000 100 0 0.0
0.378000 100 0 0.0
0.379000 100 0 0.0
0.380000 100 0 0.0
0.381000 100 0 0.0
0.382000 100 0 0.0
0.383000 100 0 0.0
0.384000 100 0 0.0
0.385000 100 0 0.0
0.386000 100 0 0.0
0.387000 100 0 0.0
0.388000 100 0 0.0
0.389000 100 0 0.0
0.390000 100 0 0.0
0.391000 100 0 0.0
0.392000 100 0 0.0
0.393000 100 0 0.0
0.394000 100 0 0.0
0.395000 100 0 0.0
0.396000 100 0 0.0
0.397000 100 0 0.0
0.398000 100 0 0.0
0.399000 100 0 0.0
0.400000 100 0 0.0
0.401000 100 0 0.0
0.402000 100 0 0.0
0.403000 100 0 0.0
0.404000 100 0 0.0
0.405000 100 0 0.0
0.406000 100 0 0.0
0.407000 100 0 0.0
0.408000 100 0 0.0
0.409000 100 0 0.0
0.410000 100 0 0.0
0.411000 100 0 0.0
0.412000 100 0 0.0
0.413000 100 0 0.0
0.414000 100 0 0.0
0.415000 100 0 0.0
0.416000 100 0 0.0
0.417000 100 0 0.0
0.418000 100 0 0.0
0.419000 100 0 0.0
0.420000 100 0 0.0
0.421000 100 0 0.0
0.422000 100 0 0.0
0.423000 100 0 0.0
0.424000 100 0 0.0
0.425000 100 0 0.0
0.426000 100 0 0.0
0.427000 100 0 0.0
0.428000 100 0 0.0
0.429000 100 0 0.0
0.430000 100 0 0.0
0.431000 100 0 0.0
0.432000 100 0 0.0
0.433000 100 0 0.0
0.434000 100 0 0.0
0.435000 100 0 0.0
0.436000 100 0 0.0
0.437000 100 0 0.0
0.438000 100 0 0.0
0.439000 100 0 0.0
0.440000 100 0 0.0
0.441000 100 0 0.0
0.442000 100 0 0.0
0.443000 100 0 0.0
0.444000 100 0 0.0
0.445000 100 0 0.0
0.446000 100 0 0.0
0.447000 100 0 0.0
0.448000 100 0 0.0
0.449000 100 0 0.0
0.450000 100 0 0.0
0.451000 100 0 0.0
0.452000 100 0 0.0
0.453000 100 0 0.0
0.454000 100 0 0.0
0.455000 100 0 0.0
0.456000 100 0 0.0
0.457000 100 0 0.0
0.458000 100 0 0.0
0.459000 100 0 0.0
0.460000 100 0 0.0
0.461000 100 0 0.0
0.462000 100 0 0.0
0.463000 100 0 0.0
0.464000 100 0 0.0
0.465000 100 0 0.0
0.466000 100 0 0.0
0.467000 100 0 0.0
0.468000 100 0 0.0
0.469000 100 0 0.0
0.470000 100 0 0.0
0.471000 100 0 0.0
0.472000 100 0 0.0
0.473000 100 0 0.0
0.474000 100 0 0.0
0.475000 100 0 0.0
0.476000 100 0 0.0
0.477000 100 0 0.0
0.478000 100 0 0.0
0.479000 100 0 0.0
0.480000 100 0 0.0
0.481000 100 0 0.0
0.482000 100 0 0.0
0.483000 100 0 0.0
0.484000 100 0 0.0
0.485000 100 0 0.0
0.486000 100 0 0.0
0.487000 100 0 0.0
0.488000 100 0 0.0
0.489000 100 0 0.0
0.490000 100 0 0.0
0.491000 100 0 0.0
0.492000 100 0 0.0
0.493000 100 0 0.0
0.494000 100 0 0.0
0.495000 100 0 0.0
0.496000 100 0 0.0
0.497000 100 0 0.0
0.498000 100 0 0.0
0.499000 100 0 0.0
0.500000 100 0 0.0
0.501000 100 0 0.0
0.502000 100 0 0.0
0.503000 100 0 0.0
0.504000 100 0 0.0
0.505000 100 0 0.0
0.506000 100 0 0.0
0.507000 100 0 0.0
0.508000 100 0 0.0
0.509000 100 0 0.0
0.510000 100 0 0.0
0.511000 100 0 0.0
0.512000 100 0 0.0
0.513000 100 0 0.0
0.514000 100 0 0.0
0.515000 100 0 0.0
0.516000 100 0 0.0
0.517000 100 0 0.0
0.518000 100 0 0.0
0.519000 100 0 0.0
0.520000 100 0 0.0
0.521000 100 0 0.0
0.522000 100 0 0.0
0.523000 100 0 0.0
0.524000 100 0 0.0
0.525000 100 0 0.0
0.526000 100 0 0.0
0.527000 100 0 0.0
0.528000 100 0 0.0
0.529000 100 0 0.0
0.530000 100 0 0.0
0.531000 100 0 0.0
0.532000 100 0 0.0
0.533000 100 0 0.0
0.534000 100 0 0.0
0.535000 100 0 0.0
0.536000 100 0 0.0
0.537000 100 0 0.0
0.538000 100 0 0.0
0.539000 100 0 0.0
0.540000 100 0 0.0
0.541000 100 0 0.0
0.542000 100 0 0.0
0.543000 100 1 0.01
0.544000 100 0 0.0
0.545000 100 1 0.01
0.546000 100 0 0.0
0.547000 100 0 0.0
0.548000 100 0 0.0
0.549000 100 0 0.0
0.550000 100 1 0.01
0.551000 100 2 0.02
0.552000 100 1 0.01
0.553000 100 1 0.01
0.554000 100 1 0.01
0.555000 100 2 0.02
0.556000 100 1 0.01
0.557000 100 4 0.04
0.558000 100 1 0.01
0.559000 100 3 0.03
0.560000 100 1 0.01
0.561000 100 3 0.03
0.562000 100 4 0.04
0.563000 100 7 0.07
0.564000 100 6 0.06
0.565000 100 3 0.03
0.566000 100 3 0.03
0.567000 100 5 0.05
0.568000 100 3 0.03
0.569000 100 5 0.05
0.570000 100 13 0.13
0.571000 100 17 0.17
0.572000 100 9 0.09
0.573000 100 13 0.13
0.574000 100 12 0.12
0.575000 100 16 0.16
0.576000 100 18 0.18
0.577000 100 23 0.23
0.578000 100 23 0.23
0.579000 100 15 0.15
0.580000 100 25 0.25
0.581000 100 22 0.22
0.582000 100 27 0.27
0.583000 100 34 0.34
0.584000 100 28 0.28
0.585000 100 35 0.35
0.586000 100 31 0.31
0.587000 100 40 0.4
0.588000 100 37 0.37
0.589000 100 42 0.42
0.590000 100 34 0.34
0.591000 100 46 0.46
0.592000 100 47 0.47
0.593000 100 53 0.53
0.594000 100 52 0.52
0.595000 100 57 0.57
0.596000 100 52 0.52
0.597000 100 55 0.55
0.598000 100 63 0.63
0.599000 100 71 0.71
0.600000 100 63 0.63
0.601000 100 71 0.71
0.602000 100 68 0.68
0.603000 100 74 0.74
0.604000 100 70 0.7
0.605000 100 77 0.77
0.606000 100 78 0.78
0.607000 100 86 0.86
0.608000 100 82 0.82
0.609000 100 80 0.8
0.610000 100 92 0.92
0.611000 100 89 0.89
0.612000 100 80 0.8
0.613000 100 93 0.93
0.614000 100 88 0.88
0.615000 100 93 0.93
0.616000 100 90 0.9
0.617000 100 94 0.94
0.618000 100 94 0.94
0.619000 100 97 0.97
0.620000 100 97 0.97
0.621000 100 96 0.96
0.622000 100 98 0.98
0.623000 100 97 0.97
0.624000 100 97 0.97
0.625000 100 99 0.99
0.626000 100 97 0.97
0.627000 100 100 1.0
0.628000 100 99 0.99
0.629000 100 98 0.98
0.630000 100 100 1.0
0.631000 100 100 1.0
0.632000 100 100 1.0
0.633000 100 99 0.99
0.634000 100 99 0.99
0.635000 100 100 1.0
0.636000 100 100 1.0
0.637000 100 99 0.99
0.638000 100 99 0.99
0.639000 100 100 1.0
0.640000 100 100 1.0
0.641000 100 100 1.0
0.642000 100 100 1.0
0.643000 100 100 1.0
0.644000 100 100 1.0
0.645000 100 100 1.0
0.646000 100 100 1.0
0.647000 100 100 1.0
0.648000 100 100 1.0
0.649000 100 100 1.0
0.650000 100 100 1.0
0.651000 100 100 1.0
0.652000 100 100 1.0
0.653000 100 100 1.0
0.654000 100 100 1.0
0.655000 100 100 1.0
0.656000 100 100 1.0
0.657000 100 100 1.0
0.658000 100 100 1.0
0.659000 100 100 1.0
0.660000 100 100 1.0
0.661000 100 100 1.0
0.662000 100 100 1.0
0.663000 100 100 1.0
0.664000 100 100 1.0
0.665000 100 100 1.0
0.666000 100 100 1.0
0.667000 100 100 1.0
0.668000 100 100 1.0
0.669000 100 100 1.0
0.670000 100 100 1.0
0.671000 100 100 1.0
0.672000 100 100 1.0
0.673000 100 100 1.0
0.674000 100 100 1.0
0.675000 100 100 1.0
0.676000 100 100 1.0
0.677000 100 100 1.0
0.678000 100 100 1.0
0.679000 100 100 1.0
0.680000 100 100 1.0
0.681000 100 100 1.0
0.682000 100 100 1.0
0.683000 100 100 1.0
0.684000 100 100 1.0
0.685000 100 100 1.0
0.686000 100 100 1.0
0.687000 100 100 1.0
0.688000 100 100 1.0
0.689000 100 100 1.0
0.690000 100 100 1.0
0.691000 100 100 1.0
0.692000 100 100 1.0
0.693000 100 100 1.0
0.694000 100 100 1.0
0.695000 100 100 1.0
0.696000 100 100 1.0
0.697000 100 100 1.0
0.698000 100 100 1.0
0.699000 100 100 1.0
0.700000 100 100 1.0
0.701000 100 100 1.0
0.702000 100 100 1.0
0.703000 100 100 1.0
0.704000 100 100 1.0
0.705000 100 100 1.0
0.706000 100 100 1.0
0.707000 100 100 1.0
0.708000 100 100 1.0
0.709000 100 100 1.0
0.710000 100 100 1.0
0.711000 100 100 1.0
0.712000 100 100 1.0
0.713000 100 100 1.0
0.714000 100 100 1.0
0.715000 100 100 1.0
0.716000 100 100 1.0
0.717000 100 100 1.0
0.718000 100 100 1.0
0.719000 100 100 1.0
0.720000 100 100 1.0
0.721000 100 100 1.0
0.722000 100 100 1.0
0.723000 100 100 1.0
0.724000 100 100 1.0
0.725000 100 100 1.0
0.726000 100 100 1.0
0.727000 100 100 1.0
0.728000 100 100 1.0
0.729000 100 100 1.0
0.730000 100 100 1.0
0.731000 100 100 1.0
0.732000 100 100 1.0
0.733000 100 100 1.0
0.734000 100 100 1.0
0.735000 100 100 1.0
0.736000 100 100 1.0
0.737000 100 100 1.0
0.738000 100 100 1.0
0.739000 100 100 1.0
0.740000 100 100 1.0
0.741000 100 100 1.0
0.742000 100 100 1.0
0.743000 100 100 1.0
0.744000 100 100 1.0
0.745000 100 100 1.0
0.746000 100 100 1.0
0.747000 100 100 1.0
0.748000 100 100 1.0
0.749000 100 100 1.0
0.750000 100 100 1.0
0.751000 100 100 1.0
0.752000 100 100 1.0
0.753000 100 100 1.0
0.754000 100 100 1.0
0.755000 100 100 1.0
0.756000 100 100 1.0
0.757000 100 100 1.0
0.758000 100 100 1.0
0.759000 100 100 1.0
0.760000 100 100 1.0
0.761000 100 100 1.0
0.762000 100 100 1.0
0.763000 100 100 1.0
0.764000 100 100 1.0
0.765000 100 100 1.0
0.766000 100 100 1.0
0.767000 100 100 1.0
0.768000 100 100 1.0
0.769000 100 100 1.0
0.770000 100 100 1.0
0.771000 100 100 1.0
0.772000 100 100 1.0
0.773000 100 100 1.0
0.774000 100 100 1.0
0.775000 100 100 1.0
0.776000 100 100 1.0
0.777000 100 100 1.0
0.778000 100 100 1.0
0.779000 100 100 1.0
0.780000 100 100 1.0
0.781000 100 100 1.0
0.782000 100 100 1.0
0.783000 100 100 1.0
0.784000 100 100 1.0
0.785000 100 100 1.0
0.786000 100 100 1.0
0.787000 100 100 1.0
0.788000 100 100 1.0
0.789000 100 100 1.0
0.790000 100 100 1.0
0.791000 100 100 1.0
0.792000 100 100 1.0
0.793000 100 100 1.0
0.794000 100 100 1.0
0.795000 100 100 1.0
0.796000 100 100 1.0
0.797000 100 100 1.0
0.798000 100 100 1.0
0.799000 100 100 1.0
0.800000 100 100 1.0
0.801000 100 100 1.0
0.802000 100 100 1.0
0.803000 100 100 1.0
0.804000 100 100 1.0
0.805000 100 100 1.0
0.806000 100 100 1.0
0.807000 100 100 1.0
0.808000 100 100 1.0
0.809000 100 100 1.0
0.810000 100 100 1.0
0.811000 100 100 1.0
0.812000 100 100 1.0
0.813000 100 100 1.0
0.814000 100 100 1.0
0.815000 100 100 1.0
0.816000 100 100 1.0
0.817000 100 100 1.0
0.818000 100 100 1.0
0.819000 100 100 1.0
0.820000 100 100 1.0
0.821000 100 100 1.0
0.822000 100 100 1.0
0.823000 100 100 1.0
0.824000 100 100 1.0
0.825000 100 100 1.0
0.826000 100 100 1.0
0.827000 100 100 1.0
0.828000 100 100 1.0
0.829000 100 100 1.0
0.830000 100 100 1.0
0.831000 100 100 1.0
0.832000 100 100 1.0
0.833000 100 100 1.0
0.834000 100 100 1.0
0.835000 100 100 1.0
0.836000 100 100 1.0
0.837000 100 100 1.0
0.838000 100 100 1.0
0.839000 100 100 1.0
0.840000 100 100 1.0
0.841000 100 100 1.0
0.842000 100 100 1.0
0.843000 100 100 1.0
0.844000 100 100 1.0
0.845000 100 100 1.0
0.846000 100 100 1.0
0.847000 100 100 1.0
0.848000 100 100 1.0
0.849000 100 100 1.0
0.850000 100 100 1.0
0.851000 100 100 1.0
0.852000 100 100 1.0
0.853000 100 100 1.0
0.854000 100 100 1.0
0.855000 100 100 1.0
0.856000 100 100 1.0
0.857000 100 100 1.0
0.858000 100 100 1.0
0.859000 100 100 1.0
0.860000 100 100 1.0
0.861000 100 100 1.0
0.862000 100 100 1.0
0.863000 100 100 1.0
0.864000 100 100 1.0
0.865000 100 100 1.0
0.866000 100 100 1.0
0.867000 100 100 1.0
0.868000 100 100 1.0
0.869000 100 100 1.0
0.870000 100 100 1.0
0.871000 100 100 1.0
0.872000 100 100 1.0
0.873000 100 100 1.0
0.874000 100 100 1.0
0.875000 100 100 1.0
0.876000 100 100 1.0
0.877000 100 100 1.0
0.878000 100 100 1.0
0.879000 100 100 1.0
0.880000 100 100 1.0
0.881000 100 100 1.0
0.882000 100 100 1.0
0.883000 100 100 1.0
0.884000 100 100 1.0
0.885000 100 100 1.0
0.886000 100 100 1.0
0.887000 100 100 1.0
0.888000 100 100 1.0
0.889000 100 100 1.0
0.890000 100 100 1.0
0.891000 100 100 1.0
0.892000 100 100 1.0
0.893000 100 100 1.0
0.894000 100 100 1.0
0.895000 100 100 1.0
0.896000 100 100 1.0
0.897000 100 100 1.0
0.898000 100 100 1.0
0.899000 100 100 1.0
0.900000 100 100 1.0
0.901000 100 100 1.0
0.902000 100 100 1.0
0.903000 100 100 1.0
0.904000 100 100 1.0
0.905000 100 100 1.0
0.906000 100 100 1.0
0.907000 100 100 1.0
0.908000 100 100 1.0
0.909000 100 100 1.0
0.910000 100 100 1.0
0.911000 100 100 1.0
0.912000 100 100 1.0
0.913000 100 100 1.0
0.914000 100 100 1.0
0.915000 100 100 1.0
0.916000 100 100 1.0
0.917000 100 100 1.0
0.918000 100 100 1.0
0.919000 100 100 1.0
0.920000 100 100 1.0
0.921000 100 100 1.0
0.922000 100 100 1.0
0.923000 100 100 1.0
0.924000 100 100 1.0
0.925000 100 100 1.0
0.926000 100 100 1.0
0.927000 100 100 1.0
0.928000 100 100 1.0
0.929000 100 100 1.0
0.930000 100 100 1.0
0.931000 100 100 1.0
0.932000 100 100 1.0
0.933000 100 100 1.0
0.934000 100 100 1.0
0.935000 100 100 1.0
0.936000 100 100 1.0
0.937000 100 100 1.0
0.938000 100 100 1.0
0.939000 100 100 1.0
0.940000 100 100 1.0
0.941000 100 100 1.0
0.942000 100 100 1.0
0.943000 100 100 1.0
0.944000 100 100 1.0
0.945000 100 100 1.0
0.946000 100 100 1.0
0.947000 100 100 1.0
0.948000 100 100 1.0
0.949000 100 100 1.0
0.950000 100 100 1.0
0.951000 100 100 1.0
0.952000 100 100 1.0
0.953000 100 100 1.0
0.954000 100 100 1.0
0.955000 100 100 1.0
0.956000 100 100 1.0
0.957000 100 100 1.0
0.958000 100 100 1.0
0.959000 100 100 1.0
0.960000 100 100 1.0
0.961000 100 100 1.0
0.962000 100 100 1.0
0.963000 100 100 1.0
0.964000 100 100 1.0
0.965000 100 100 1.0
0.966000 100 100 1.0
0.967000 100 100 1.0
0.968000 100 100 1.0
0.969000 100 100 1.0
0.970000 100 100 1.0
0.971000 100 100 1.0
0.972000 100 100 1.0
0.973000 100 100 1.0
0.974000 100 100 1.0
0.975000 100 100 1.0
0.976000 100 100 1.0
0.977000 100 100 1.0
0.978000 100 100 1.0
0.979000 100 100 1.0
0.980000 100 100 1.0
0.981000 100 100 1.0
0.982000 100 100 1.0
0.983000 100 100 1.0
0.984000 100 100 1.0
0.985000 100 100 1.0
0.986000 100 100 1.0
0.987000 100 100 1.0
0.988000 100 100 1.0
0.989000 100 100 1.0
0.990000 100 100 1.0
0.991000 100 100 1.0
0.992000 100 100 1.0
0.993000 100 100 1.0
0.994000 100 100 1.0
0.995000 100 100 1.0
0.996000 100 100 1.0
0.997000 100 100 1.0
0.998000 100 100 1.0
0.999000 100 100 1.0
