Runs :200
Difference : 2.0E-4
0.550000 200 0 0.0
0.550200 200 0 0.0
0.550400 200 0 0.0
0.550600 200 0 0.0
0.550800 200 0 0.0
0.551000 200 0 0.0
0.551200 200 0 0.0
0.551400 200 0 0.0
0.551600 200 0 0.0
0.551800 200 0 0.0
0.552000 200 0 0.0
0.552200 200 0 0.0
0.552400 200 0 0.0
0.552600 200 0 0.0
0.552800 200 0 0.0
0.553000 200 0 0.0
0.553200 200 0 0.0
0.553400 200 0 0.0
0.553600 200 0 0.0
0.553800 200 0 0.0
0.554000 200 0 0.0
0.554200 200 0 0.0
0.554400 200 0 0.0
0.554600 200 0 0.0
0.554800 200 0 0.0
0.555000 200 0 0.0
0.555200 200 0 0.0
0.555400 200 0 0.0
0.555600 200 0 0.0
0.555800 200 0 0.0
0.556000 200 0 0.0
0.556200 200 0 0.0
0.556400 200 0 0.0
0.556600 200 0 0.0
0.556800 200 0 0.0
0.557000 200 0 0.0
0.557200 200 0 0.0
0.557400 200 0 0.0
0.557600 200 0 0.0
0.557800 200 0 0.0
0.558000 200 0 0.0
0.558200 200 1 0.005
0.558400 200 1 0.005
0.558600 200 0 0.0
0.558800 200 0 0.0
0.559000 200 0 0.0
0.559200 200 1 0.005
0.559400 200 0 0.0
0.559600 200 0 0.0
0.559800 200 0 0.0
0.560000 200 0 0.0
0.560200 200 0 0.0
0.560400 200 0 0.0
0.560600 200 0 0.0
0.560800 200 0 0.0
0.561000 200 0 0.0
0.561200 200 0 0.0
0.561400 200 0 0.0
0.561600 200 0 0.0
0.561800 200 0 0.0
0.562000 200 0 0.0
0.562200 200 0 0.0
0.562400 200 0 0.0
0.562600 200 0 0.0
0.562800 200 0 0.0
0.563000 200 0 0.0
0.563200 200 0 0.0
0.563400 200 0 0.0
0.563600 200 0 0.0
0.563800 200 0 0.0
0.564000 200 1 0.005
0.564200 200 1 0.005
0.564400 200 0 0.0
0.564600 200 1 0.005
0.564800 200 0 0.0
0.565000 200 3 0.015
0.565200 200 0 0.0
0.565400 200 0 0.0
0.565600 200 0 0.0
0.565800 200 1 0.005
0.566000 200 0 0.0
0.566200 200 0 0.0
0.566400 200 0 0.0
0.566600 200 0 0.0
0.566800 200 0 0.0
0.567000 200 0 0.0
0.567200 200 0 0.0
0.567400 200 2 0.01
0.567600 200 0 0.0
0.567800 200 3 0.015
0.568000 200 1 0.005
0.568200 200 2 0.01
0.568400 200 1 0.005
0.568600 200 4 0.02
0.568800 200 1 0.005
0.569000 200 2 0.01
0.569200 200 2 0.01
0.569400 200 2 0.01
0.569600 200 1 0.005
0.569800 200 3 0.015
0.570000 200 0 0.0
0.570200 200 1 0.005
0.570400 200 5 0.025
0.570600 200 1 0.005
0.570800 200 0 0.0
0.571000 200 3 0.015
0.571200 200 4 0.02
0.571400 200 3 0.015
0.571600 200 2 0.01
0.571800 200 2 0.01
0.572000 200 3 0.015
0.572200 200 5 0.025
0.572400 200 4 0.02
0.572600 200 4 0.02
0.572800 200 3 0.015
0.573000 200 5 0.025
0.573200 200 0 0.0
0.573400 200 4 0.02
0.573600 200 3 0.015
0.573800 200 4 0.02
0.574000 200 5 0.025
0.574200 200 3 0.015
0.574400 200 6 0.03
0.574600 200 7 0.035
0.574800 200 6 0.03
0.575000 200 4 0.02
0.575200 200 10 0.05
0.575400 200 9 0.045
0.575600 200 5 0.025
0.575800 200 10 0.05
0.576000 200 11 0.055
0.576200 200 4 0.02
0.576400 200 16 0.08
0.576600 200 3 0.015
0.576800 200 9 0.045
0.577000 200 4 0.02
0.577200 200 10 0.05
0.577400 200 10 0.05
0.577600 200 12 0.06
0.577800 200 11 0.055
0.578000 200 7 0.035
0.578200 200 18 0.09
0.578400 200 17 0.085
0.578600 200 18 0.09
0.578800 200 8 0.04
0.579000 200 18 0.09
0.579200 200 18 0.09
0.579400 200 6 0.03
0.579600 200 24 0.12
0.579800 200 12 0.06
0.580000 200 20 0.1
0.580200 200 27 0.135
0.580400 200 17 0.085
0.580600 200 16 0.08
0.580800 200 22 0.11
0.581000 200 22 0.11
0.581200 200 16 0.08
0.581400 200 18 0.09
0.581600 200 26 0.13
0.581800 200 22 0.11
0.582000 200 23 0.115
0.582200 200 22 0.11
0.582400 200 27 0.135
0.582600 200 12 0.06
0.582800 200 29 0.145
0.583000 200 33 0.165
0.583200 200 32 0.16
0.583400 200 30 0.15
0.583600 200 37 0.185
0.583800 200 28 0.14
0.584000 200 42 0.21
0.584200 200 35 0.175
0.584400 200 38 0.19
0.584600 200 40 0.2
0.584800 200 36 0.18
0.585000 200 48 0.24
0.585200 200 44 0.22
0.585400 200 37 0.185
0.585600 200 40 0.2
0.585800 200 58 0.29
0.586000 200 46 0.23
0.586200 200 39 0.195
0.586400 200 49 0.245
0.586600 200 50 0.25
0.586800 200 46 0.23
0.587000 200 70 0.35
0.587200 200 56 0.28
0.587400 200 67 0.335
0.587600 200 48 0.24
0.587800 200 55 0.275
0.588000 200 62 0.31
0.588200 200 71 0.355
0.588400 200 61 0.305
0.588600 200 60 0.3
0.588800 200 64 0.32
0.589000 200 66 0.33
0.589200 200 58 0.29
0.589400 200 79 0.395
0.589600 200 72 0.36
0.589800 200 75 0.375
0.590000 200 74 0.37
0.590200 200 64 0.32
0.590400 200 80 0.4
0.590600 200 69 0.345
0.590800 200 86 0.43
0.591000 200 74 0.37
0.591200 200 90 0.45
0.591400 200 95 0.475
0.591600 200 91 0.455
0.591800 200 92 0.46
0.592000 200 105 0.525
0.592200 200 100 0.5
0.592400 200 107 0.535
0.592600 200 102 0.51
0.592800 200 112 0.56
0.593000 200 111 0.555
0.593200 200 96 0.48
0.593400 200 100 0.5
0.593600 200 106 0.53
0.593800 200 112 0.56
0.594000 200 101 0.505
0.594200 200 116 0.58
0.594400 200 118 0.59
0.594600 200 112 0.56
0.594800 200 123 0.615
0.595000 200 127 0.635
0.595200 200 118 0.59
0.595400 200 123 0.615
0.595600 200 121 0.605
0.595800 200 122 0.61
0.596000 200 140 0.7
0.596200 200 125 0.625
0.596400 200 131 0.655
0.596600 200 121 0.605
0.596800 200 134 0.67
0.597000 200 136 0.68
0.597200 200 141 0.705
0.597400 200 145 0.725
0.597600 200 143 0.715
0.597800 200 144 0.72
0.598000 200 136 0.68
0.598200 200 138 0.69
0.598400 200 132 0.66
0.598600 200 157 0.785
0.598800 200 159 0.795
0.599000 200 143 0.715
0.599200 200 154 0.77
0.599400 200 153 0.765
0.599600 200 154 0.77
0.599800 200 152 0.76
0.600000 200 155 0.775
0.600200 200 168 0.84
0.600400 200 148 0.74
0.600600 200 154 0.77
0.600800 200 156 0.78
0.601000 200 166 0.83
0.601200 200 165 0.825
0.601400 200 163 0.815
0.601600 200 167 0.835
0.601800 200 166 0.83
0.602000 200 170 0.85
0.602200 200 176 0.88
0.602400 200 172 0.86
0.602600 200 177 0.885
0.602800 200 171 0.855
0.603000 200 173 0.865
0.603200 200 165 0.825
0.603400 200 174 0.87
0.603600 200 179 0.895
0.603800 200 176 0.88
0.604000 200 183 0.915
0.604200 200 173 0.865
0.604400 200 174 0.87
0.604600 200 176 0.88
0.604800 200 180 0.9
0.605000 200 184 0.92
0.605200 200 185 0.925
0.605400 200 183 0.915
0.605600 200 189 0.945
0.605800 200 190 0.95
0.606000 200 184 0.92
0.606200 200 186 0.93
0.606400 200 191 0.955
0.606600 200 183 0.915
0.606800 200 183 0.915
0.607000 200 193 0.965
0.607200 200 192 0.96
0.607400 200 187 0.935
0.607600 200 182 0.91
0.607800 200 190 0.95
0.608000 200 185 0.925
0.608200 200 193 0.965
0.608400 200 190 0.95
0.608600 200 191 0.955
0.608800 200 190 0.95
0.609000 200 190 0.95
0.609200 200 194 0.97
0.609400 200 190 0.95
0.609600 200 194 0.97
0.609800 200 189 0.945
0.610000 200 196 0.98
0.610200 200 190 0.95
0.610400 200 195 0.975
0.610600 200 193 0.965
0.610800 200 198 0.99
0.611000 200 196 0.98
0.611200 200 195 0.975
0.611400 200 194 0.97
0.611600 200 199 0.995
0.611800 200 197 0.985
0.612000 200 198 0.99
0.612200 200 194 0.97
0.612400 200 197 0.985
0.612600 200 195 0.975
0.612800 200 197 0.985
0.613000 200 198 0.99
0.613200 200 200 1.0
0.613400 200 194 0.97
0.613600 200 196 0.98
0.613800 200 198 0.99
0.614000 200 198 0.99
0.614200 200 195 0.975
0.614400 200 200 1.0
0.614600 200 199 0.995
0.614800 200 197 0.985
0.615000 200 199 0.995
0.615200 200 200 1.0
0.615400 200 199 0.995
0.615600 200 199 0.995
0.615800 200 199 0.995
0.616000 200 200 1.0
0.616200 200 199 0.995
0.616400 200 196 0.98
0.616600 200 199 0.995
0.616800 200 197 0.985
0.617000 200 199 0.995
0.617200 200 199 0.995
0.617400 200 200 1.0
0.617600 200 199 0.995
0.617800 200 199 0.995
0.618000 200 198 0.99
0.618200 200 198 0.99
0.618400 200 200 1.0
0.618600 200 200 1.0
0.618800 200 200 1.0
0.619000 200 200 1.0
0.619200 200 200 1.0
0.619400 200 200 1.0
0.619600 200 200 1.0
0.619800 200 200 1.0
0.620000 200 200 1.0
0.620200 200 200 1.0
0.620400 200 200 1.0
0.620600 200 199 0.995
0.620800 200 200 1.0
0.621000 200 199 0.995
0.621200 200 200 1.0
0.621400 200 200 1.0
0.621600 200 200 1.0
0.621800 200 200 1.0
0.622000 200 199 0.995
0.622200 200 200 1.0
0.622400 200 200 1.0
0.622600 200 199 0.995
0.622800 200 200 1.0
0.623000 200 200 1.0
0.623200 200 200 1.0
0.623400 200 200 1.0
0.623600 200 200 1.0
0.623800 200 200 1.0
0.624000 200 200 1.0
0.624200 200 200 1.0
0.624400 200 200 1.0
0.624600 200 200 1.0
0.624800 200 200 1.0
0.625000 200 200 1.0
0.625200 200 200 1.0
0.625400 200 200 1.0
0.625600 200 200 1.0
0.625800 200 200 1.0
0.626000 200 200 1.0
0.626200 200 200 1.0
0.626400 200 200 1.0
0.626600 200 200 1.0
0.626800 200 200 1.0
0.627000 200 200 1.0
0.627200 200 200 1.0
0.627400 200 200 1.0
0.627600 200 200 1.0
0.627800 200 200 1.0
0.628000 200 200 1.0
0.628200 200 200 1.0
0.628400 200 200 1.0
0.628600 200 200 1.0
0.628800 200 200 1.0
0.629000 200 200 1.0
0.629200 200 200 1.0
0.629400 200 200 1.0
0.629600 200 200 1.0
0.629800 200 200 1.0
0.630000 200 200 1.0
